SSRL   EXAFS Data Collector 4.0       
Sat Mar  9 02:46:17 2024              
PTS:        350 COLS:         24
xsp7sca1.det                          
Ni_15_EXAFS.rgn                       
43 unfocused  0.000 0 X 3.135600 20000                                        
5 1000 300 RST 0 0                    
Sample 1 spot 9; 0.9x4.9 beam; Elevator 2.5; cryohor 47;                      
cryo 10K; detuned by 30% plus 10 layers reynolds Al                           
                                                                              
                                                                              
                                                                              
                                                                              

Weights: 
 1.000  1.000  1.000  1.000  1.000  1.000  1.000  1.000  1.000  1.000  1.000  1.000  1.000  1.000  1.000  1.000  1.000  1.000  1.000  1.000  1.000  1.000  1.000  1.000 
Offsets: 
 0.000  0.000  0.000  0.000  2085.900  2619.900  2659.500  2129.200  0.000  0.000  0.000  0.000  0.000  0.000  0.000  0.000  0.000  0.000  0.000  0.000  0.000  0.000  0.000  0.000 
Data: 
Real time clock   
Sum_RTC           
Requested Energy  
Achieved Energy   
I0                
I1                
I2                
Lytle             
Spare             
Spare             
SCA1_1            
SCA1_2            
SCA1_3            
SCA1_4            
SCA1_5            
SCA1_6            
SCA1_7            
ICR1_1            
ICR1_2            
ICR1_3            
ICR1_4            
ICR1_5            
ICR1_6            
ICR1_7            

 0.500  0.500  8195.000  8195.008  19450.051  5002.050  5778.250  -549.600  0.000  0.000  21.000  18.000  13.000  12.000  9.000  11.000  6.000  285.000  260.000  275.000  216.000  165.000  195.000  260.000 
 0.500  1.000  8205.000  8205.003  20082.051  5256.050  6066.250  -553.600  0.000  0.000  12.000  12.000  25.000  15.000  7.000  11.000  15.000  273.000  250.000  275.000  251.000  142.000  202.000  256.000 
 0.500  1.500  8215.000  8214.994  19960.051  5292.050  6123.250  -548.600  0.000  0.000  11.000  10.000  12.000  10.000  9.000  12.000  11.000  268.000  275.000  259.000  266.000  152.000  203.000  257.000 
 0.500  2.000  8225.000  8225.011  20219.051  5443.050  6304.250  -551.600  0.000  0.000  25.000  13.000  20.000  16.000  6.000  16.000  15.000  280.000  252.000  285.000  276.000  195.000  229.000  291.000 
 0.500  2.500  8235.000  8234.994  19948.051  5429.050  6301.250  -545.600  0.000  0.000  16.000  14.000  15.000  16.000  8.000  6.000  12.000  273.000  268.000  285.000  249.000  122.000  245.000  353.000 
 0.500  3.000  8245.000  8245.003  20011.051  5531.050  6433.250  -549.600  0.000  0.000  9.000  15.000  16.000  15.000  7.000  24.000  14.000  268.000  258.000  307.000  345.000  156.000  242.000  351.000 
 0.500  3.500  8255.000  8255.007  20254.051  5698.050  6629.250  -543.600  0.000  0.000  22.000  15.000  16.000  12.000  7.000  15.000  21.000  337.000  297.000  280.000  514.000  168.000  224.000  311.000 
 0.500  4.000  8265.000  8265.007  20226.051  5778.050  6727.250  -536.600  0.000  0.000  12.000  15.000  15.000  15.000  11.000  17.000  8.000  270.000  288.000  271.000  542.000  193.000  252.000  266.000 
 0.500  4.500  8275.000  8275.003  20516.051  5971.050  6950.250  -539.600  0.000  0.000  12.000  10.000  19.000  9.000  4.000  17.000  6.000  323.000  292.000  302.000  574.000  167.000  249.000  230.000 
 0.500  5.000  8285.000  8284.994  20286.051  5991.050  6980.250  -552.600  0.000  0.000  13.000  9.000  14.000  10.000  5.000  12.000  14.000  328.000  276.000  284.000  614.000  176.000  283.000  270.000 
 0.500  5.500  8295.000  8295.011  20617.051  6185.050  7205.250  -553.600  0.000  0.000  12.000  15.000  13.000  11.000  14.000  15.000  14.000  317.000  322.000  313.000  717.000  184.000  262.000  305.000 
 0.500  6.000  8305.000  8304.993  20348.051  6192.050  7208.250  -546.600  0.000  0.000  21.000  20.000  19.000  10.000  6.000  13.000  14.000  331.000  303.000  297.000  693.000  205.000  252.000  243.000 
 0.500  6.500  8315.000  8315.000  20346.051  6296.050  7304.250  -549.600  0.000  0.000  23.000  25.000  12.000  10.000  13.000  12.000  12.000  346.000  331.000  325.000  796.000  191.000  272.000  295.000 
 0.500  7.000  8325.500  8325.507  20301.051  6387.050  7290.250  -552.600  0.000  0.000  27.000  22.000  15.000  7.000  12.000  16.000  14.000  366.000  344.000  320.000  838.000  201.000  278.000  272.000 
 0.500  7.500  8326.000  8326.012  20398.051  6431.050  7321.250  -552.600  0.000  0.000  13.000  18.000  17.000  17.000  5.000  18.000  15.000  332.000  360.000  303.000  858.000  204.000  292.000  290.000 
 0.500  8.000  8326.500  8326.487  20592.051  6500.050  7384.250  -552.600  0.000  0.000  15.000  18.000  14.000  19.000  12.000  20.000  13.000  329.000  363.000  321.000  815.000  217.000  301.000  253.000 
 0.500  8.500  8327.000  8326.993  20608.051  6512.050  7376.250  -551.600  0.000  0.000  17.000  20.000  17.000  19.000  6.000  16.000  11.000  352.000  353.000  330.000  874.000  210.000  283.000  256.000 
 0.500  9.000  8327.500  8327.499  20654.051  6532.050  7374.250  -550.600  0.000  0.000  19.000  16.000  13.000  18.000  15.000  13.000  14.000  324.000  310.000  337.000  780.000  198.000  244.000  292.000 
 0.500  9.500  8328.000  8328.004  20348.051  6426.050  7237.250  -550.600  0.000  0.000  19.000  24.000  14.000  12.000  11.000  13.000  24.000  347.000  348.000  329.000  744.000  192.000  277.000  311.000 
 0.500  10.000  8328.500  8328.510  20667.051  6543.050  7336.250  -550.600  0.000  0.000  25.000  17.000  15.000  14.000  7.000  16.000  22.000  346.000  367.000  331.000  829.000  204.000  273.000  274.000 
 0.500  10.500  8329.000  8328.985  20706.051  6564.050  7319.250  -551.600  0.000  0.000  24.000  22.000  15.000  12.000  10.000  24.000  11.000  340.000  360.000  357.000  783.000  200.000  298.000  252.000 
 0.500  11.000  8329.500  8329.491  20746.051  6584.050  7289.250  -550.600  0.000  0.000  26.000  19.000  16.000  11.000  9.000  16.000  19.000  354.000  342.000  337.000  799.000  201.000  270.000  303.000 
 0.500  11.500  8330.000  8329.997  20341.051  6443.050  7081.250  -551.600  0.000  0.000  16.000  32.000  14.000  14.000  6.000  10.000  25.000  351.000  320.000  322.000  849.000  192.000  295.000  292.000 
 0.500  12.000  8330.500  8330.503  20706.051  6582.050  7135.250  -549.600  0.000  0.000  16.000  29.000  18.000  13.000  9.000  20.000  30.000  313.000  378.000  321.000  821.000  212.000  341.000  317.000 
 0.500  12.500  8331.000  8331.009  20732.051  6591.050  7025.250  -543.600  0.000  0.000  26.000  29.000  21.000  13.000  11.000  16.000  14.000  365.000  349.000  322.000  839.000  187.000  291.000  255.000 
 0.500  13.000  8331.500  8331.515  20626.051  6558.050  6790.250  -544.600  0.000  0.000  32.000  32.000  15.000  18.000  10.000  19.000  22.000  309.000  326.000  309.000  846.000  201.000  300.000  308.000 
 0.500  13.500  8332.000  8331.991  20653.051  6567.050  6494.250  -538.600  0.000  0.000  29.000  29.000  26.000  28.000  14.000  22.000  31.000  381.000  326.000  362.000  813.000  199.000  306.000  281.000 
 0.500  14.000  8332.500  8332.497  20540.051  6530.050  5965.250  -536.600  0.000  0.000  40.000  35.000  28.000  19.000  15.000  37.000  31.000  335.000  342.000  344.000  782.000  229.000  319.000  327.000 
 0.500  14.500  8333.000  8333.003  20678.051  6584.050  5417.250  -535.600  0.000  0.000  53.000  47.000  58.000  35.000  26.000  48.000  38.000  383.000  334.000  345.000  808.000  205.000  346.000  296.000 
 0.500  15.000  8333.500  8333.510  20329.051  6464.050  4762.250  -543.600  0.000  0.000  50.000  35.000  44.000  35.000  25.000  38.000  43.000  375.000  346.000  335.000  822.000  195.000  316.000  315.000 
 0.500  15.500  8334.000  8333.986  20605.051  6567.050  4376.250  -536.600  0.000  0.000  46.000  42.000  26.000  39.000  18.000  37.000  30.000  394.000  348.000  324.000  768.000  210.000  309.000  308.000 
 0.500  16.000  8334.500  8334.492  20596.051  6570.050  3980.250  -523.600  0.000  0.000  21.000  42.000  21.000  42.000  15.000  30.000  32.000  346.000  355.000  318.000  774.000  215.000  305.000  305.000 
 0.500  16.500  8335.000  8334.999  20708.051  6614.050  3692.250  -515.600  0.000  0.000  30.000  38.000  22.000  22.000  20.000  23.000  38.000  363.000  352.000  337.000  773.000  205.000  288.000  307.000 
 0.500  17.000  8335.500  8335.505  20304.051  6484.050  3397.250  -558.600  0.000  0.000  38.000  28.000  22.000  17.000  19.000  23.000  36.000  367.000  345.000  363.000  752.000  226.000  281.000  317.000 
 0.500  17.500  8336.000  8336.012  20714.051  6635.050  3319.250  -558.600  0.000  0.000  39.000  46.000  29.000  30.000  10.000  27.000  31.000  343.000  347.000  310.000  746.000  230.000  303.000  326.000 
 0.500  18.000  8336.500  8336.488  20583.051  6594.050  3190.250  -560.600  0.000  0.000  38.000  41.000  31.000  22.000  18.000  22.000  29.000  313.000  366.000  345.000  771.000  194.000  309.000  311.000 
 0.500  18.500  8337.000  8336.995  20700.051  6640.050  3129.250  -560.600  0.000  0.000  34.000  30.000  31.000  24.000  20.000  32.000  32.000  327.000  377.000  351.000  728.000  185.000  335.000  308.000 
 0.500  19.000  8337.500  8337.502  20369.051  6523.050  2991.250  -560.600  0.000  0.000  32.000  54.000  31.000  26.000  24.000  40.000  39.000  355.000  341.000  339.000  735.000  197.000  342.000  312.000 
 0.500  19.500  8338.000  8338.009  20575.051  6600.050  2940.250  -554.600  0.000  0.000  44.000  51.000  43.000  39.000  28.000  41.000  37.000  375.000  359.000  349.000  778.000  216.000  345.000  302.000 
 0.500  20.000  8338.500  8338.485  20605.051  6600.050  2829.250  -517.600  0.000  0.000  57.000  65.000  44.000  43.000  24.000  56.000  66.000  373.000  399.000  383.000  764.000  218.000  394.000  328.000 
 0.500  20.500  8339.000  8338.992  20718.051  6654.050  2725.250  -568.600  0.000  0.000  78.000  83.000  73.000  41.000  28.000  63.000  67.000  426.000  385.000  401.000  843.000  206.000  371.000  330.000 
 0.500  21.000  8339.500  8339.499  20341.051  6519.050  2521.250  -569.600  0.000  0.000  93.000  87.000  59.000  53.000  38.000  70.000  73.000  395.000  410.000  384.000  735.000  241.000  353.000  345.000 
 0.500  21.500  8340.000  8340.007  20585.051  6609.050  2432.250  -568.600  0.000  0.000  114.000  110.000  84.000  77.000  46.000  78.000  87.000  424.000  408.000  402.000  786.000  236.000  385.000  374.000 
 0.500  22.000  8340.500  8340.514  20548.051  6592.050  2317.250  -570.600  0.000  0.000  133.000  133.000  98.000  110.000  78.000  94.000  101.000  461.000  461.000  405.000  773.000  263.000  413.000  400.000 
 0.500  22.500  8341.000  8340.991  20696.051  6641.050  2243.250  -568.600  0.000  0.000  184.000  166.000  152.000  109.000  88.000  125.000  130.000  501.000  506.000  489.000  761.000  236.000  432.000  396.000 
 0.500  23.000  8341.500  8341.498  20502.051  6575.050  2118.250  -573.600  0.000  0.000  170.000  180.000  141.000  125.000  89.000  136.000  129.000  489.000  497.000  415.000  821.000  248.000  467.000  397.000 
 0.500  23.500  8342.000  8342.005  20259.051  6484.050  1978.250  -573.600  0.000  0.000  180.000  187.000  150.000  132.000  95.000  176.000  135.000  486.000  512.000  481.000  832.000  275.000  506.000  386.000 
 0.500  24.000  8342.500  8342.513  20666.051  6622.050  1907.250  -573.600  0.000  0.000  218.000  244.000  160.000  162.000  108.000  158.000  186.000  550.000  561.000  486.000  891.000  284.000  503.000  495.000 
 0.500  24.500  8343.000  8342.990  20672.051  6624.050  1778.250  -572.600  0.000  0.000  259.000  242.000  181.000  162.000  91.000  192.000  197.000  599.000  567.000  502.000  863.000  305.000  534.000  495.000 
 0.500  25.000  8343.500  8343.498  20294.051  6485.050  1581.250  -572.600  0.000  0.000  262.000  240.000  217.000  170.000  118.000  197.000  245.000  602.000  579.000  514.000  842.000  296.000  531.000  530.000 
 0.500  25.500  8344.000  8344.005  20635.051  6604.050  1462.250  -575.600  0.000  0.000  311.000  315.000  237.000  216.000  134.000  222.000  226.000  679.000  635.000  549.000  929.000  312.000  612.000  528.000 
 0.500  26.000  8344.500  8344.513  20416.051  6523.050  1281.250  -575.600  0.000  0.000  327.000  307.000  246.000  239.000  149.000  248.000  260.000  656.000  644.000  579.000  937.000  345.000  593.000  555.000 
 0.500  26.500  8345.000  8344.990  20749.051  6638.050  1162.250  -575.600  0.000  0.000  377.000  401.000  261.000  269.000  168.000  248.000  257.000  705.000  724.000  610.000  994.000  357.000  610.000  563.000 
 0.500  27.000  8345.500  8345.498  20541.051  6558.050  993.250  -570.600  0.000  0.000  406.000  407.000  303.000  269.000  179.000  278.000  285.000  745.000  721.000  641.000  976.000  354.000  658.000  616.000 
 0.500  27.500  8346.000  8346.006  20570.051  6559.050  850.250  -565.600  0.000  0.000  403.000  432.000  313.000  285.000  165.000  321.000  308.000  738.000  771.000  611.000  1072.000  360.000  697.000  636.000 
 0.500  28.000  8346.500  8346.514  20747.051  6617.050  734.250  -566.600  0.000  0.000  448.000  488.000  345.000  313.000  198.000  350.000  360.000  804.000  824.000  636.000  1016.000  383.000  706.000  665.000 
 0.500  28.500  8347.000  8346.992  20716.051  6603.050  624.250  -566.600  0.000  0.000  475.000  466.000  405.000  355.000  206.000  319.000  379.000  818.000  838.000  744.000  1153.000  428.000  684.000  669.000 
 0.500  29.000  8347.500  8347.500  20331.051  6463.050  501.250  -567.600  0.000  0.000  498.000  461.000  375.000  293.000  243.000  375.000  387.000  840.000  813.000  692.000  1049.000  439.000  711.000  697.000 
 0.500  29.500  8348.000  8348.008  20294.051  6449.050  423.250  -568.600  0.000  0.000  543.000  505.000  412.000  343.000  218.000  392.000  406.000  925.000  823.000  732.000  1119.000  418.000  779.000  722.000 
 0.500  30.000  8348.500  8348.486  20729.051  6607.050  395.250  -568.600  0.000  0.000  531.000  517.000  387.000  352.000  242.000  398.000  413.000  871.000  859.000  714.000  1095.000  421.000  784.000  745.000 
 0.500  30.500  8349.000  8348.994  20716.051  6601.050  357.250  -564.600  0.000  0.000  587.000  517.000  431.000  338.000  232.000  428.000  420.000  909.000  841.000  783.000  1088.000  437.000  850.000  740.000 
 0.500  31.000  8349.500  8349.503  20339.051  6471.050  317.250  -561.600  0.000  0.000  553.000  554.000  429.000  364.000  221.000  400.000  468.000  901.000  891.000  748.000  1157.000  423.000  795.000  804.000 
 0.500  31.500  8350.000  8350.011  20733.051  6614.050  329.250  -557.600  0.000  0.000  561.000  502.000  380.000  358.000  217.000  405.000  459.000  920.000  864.000  746.000  1136.000  415.000  779.000  769.000 
 0.500  32.000  8350.500  8350.489  20625.051  6584.050  327.250  -563.600  0.000  0.000  591.000  532.000  411.000  336.000  238.000  390.000  420.000  923.000  870.000  727.000  1123.000  416.000  789.000  764.000 
 0.500  32.500  8351.000  8350.998  20690.051  6612.050  341.250  -569.600  0.000  0.000  567.000  536.000  392.000  365.000  272.000  390.000  419.000  913.000  920.000  711.000  1174.000  469.000  763.000  749.000 
 0.500  33.000  8351.500  8351.506  20321.051  6488.050  335.250  -570.600  0.000  0.000  528.000  513.000  386.000  372.000  230.000  410.000  458.000  914.000  870.000  734.000  1164.000  426.000  807.000  789.000 
 0.500  33.500  8352.000  8352.015  20548.051  6575.050  364.250  -571.600  0.000  0.000  534.000  520.000  388.000  370.000  219.000  434.000  393.000  925.000  866.000  715.000  1183.000  422.000  790.000  766.000 
 0.500  34.000  8352.500  8352.493  20649.051  6615.050  386.250  -571.600  0.000  0.000  511.000  528.000  380.000  349.000  249.000  360.000  447.000  884.000  874.000  721.000  1196.000  467.000  695.000  768.000 
 0.500  34.500  8353.000  8353.002  20714.051  6644.050  405.250  -570.600  0.000  0.000  555.000  514.000  417.000  403.000  248.000  423.000  380.000  969.000  832.000  766.000  1215.000  444.000  796.000  737.000 
 0.500  35.000  8353.500  8353.511  20328.051  6510.050  391.250  -568.600  0.000  0.000  548.000  536.000  410.000  367.000  226.000  391.000  431.000  948.000  879.000  744.000  1190.000  442.000  722.000  781.000 
 0.500  35.500  8354.000  8353.989  20542.051  6591.050  405.250  -566.600  0.000  0.000  514.000  496.000  381.000  366.000  248.000  425.000  382.000  922.000  842.000  707.000  1231.000  457.000  803.000  722.000 
 0.500  36.000  8354.500  8354.498  20500.051  6582.050  396.250  -566.600  0.000  0.000  559.000  535.000  378.000  348.000  231.000  379.000  392.000  982.000  876.000  702.000  1209.000  452.000  749.000  728.000 
 0.500  36.500  8355.000  8355.007  20716.051  6664.050  392.250  -565.600  0.000  0.000  535.000  557.000  345.000  345.000  251.000  393.000  426.000  984.000  900.000  661.000  1212.000  448.000  781.000  751.000 
 0.500  37.000  8355.500  8355.486  20479.051  6586.050  356.250  -566.600  0.000  0.000  535.000  494.000  370.000  348.000  219.000  373.000  417.000  984.000  820.000  694.000  1235.000  416.000  720.000  739.000 
 0.500  37.500  8356.000  8355.995  20469.051  6589.050  325.250  -566.600  0.000  0.000  508.000  520.000  353.000  346.000  235.000  385.000  420.000  961.000  863.000  693.000  1245.000  445.000  752.000  768.000 
 0.500  38.000  8356.500  8356.504  20619.051  6651.050  303.250  -568.600  0.000  0.000  510.000  547.000  398.000  359.000  190.000  388.000  412.000  984.000  915.000  692.000  1339.000  392.000  741.000  726.000 
 0.500  38.500  8357.000  8357.014  20279.051  6535.050  258.250  -564.600  0.000  0.000  488.000  512.000  386.000  333.000  222.000  374.000  372.000  978.000  869.000  716.000  1305.000  422.000  713.000  714.000 
 0.500  39.000  8357.500  8357.493  20519.051  6625.050  250.250  -568.600  0.000  0.000  515.000  484.000  388.000  329.000  221.000  382.000  352.000  972.000  846.000  702.000  1274.000  421.000  708.000  733.000 
 0.500  39.500  8358.000  8358.002  20349.051  6569.050  232.250  -565.600  0.000  0.000  506.000  477.000  383.000  344.000  192.000  363.000  411.000  950.000  862.000  721.000  1379.000  412.000  652.000  760.000 
 0.500  40.000  8358.500  8358.512  20612.051  6670.050  245.250  -569.600  0.000  0.000  560.000  517.000  390.000  327.000  235.000  382.000  384.000  1018.000  893.000  735.000  1327.000  427.000  697.000  740.000 
 0.500  40.500  8359.000  8358.991  20491.051  6631.050  248.250  -569.600  0.000  0.000  535.000  497.000  349.000  333.000  232.000  358.000  409.000  1001.000  844.000  680.000  1317.000  449.000  676.000  750.000 
 0.500  41.000  8359.500  8359.500  20558.051  6660.050  262.250  -568.600  0.000  0.000  482.000  474.000  335.000  309.000  189.000  388.000  403.000  947.000  830.000  673.000  1343.000  385.000  703.000  772.000 
 0.500  41.500  8360.000  8360.010  20595.051  6680.050  279.250  -567.600  0.000  0.000  459.000  476.000  355.000  294.000  216.000  356.000  397.000  915.000  817.000  715.000  1332.000  403.000  641.000  766.000 
 1.000  42.500  8361.011  8360.999  42620.102  13907.100  697.500  -1136.200  0.000  0.000  1015.000  984.000  757.000  635.000  472.000  728.000  753.000  2012.000  1733.000  1439.000  2803.000  895.000  1368.000  1448.000 
 1.000  43.500  8361.668  8361.659  42457.043  13861.026  720.425  -1128.260  0.000  0.000  956.000  976.000  806.000  641.000  412.000  706.000  781.000  1976.000  1730.000  1512.000  2910.000  800.000  1388.000  1523.000 
 1.000  44.500  8362.345  8362.349  42488.863  13890.804  754.199  -1128.441  0.000  0.000  988.000  906.000  714.000  681.000  451.000  720.000  774.000  1956.000  1600.000  1409.000  3021.000  884.000  1383.000  1502.000 
 1.000  45.500  8363.040  8363.038  42423.570  13888.434  786.823  -1130.742  0.000  0.000  954.000  974.000  722.000  585.000  422.000  689.000  717.000  1912.000  1687.000  1375.000  3079.000  841.000  1341.000  1463.000 
 1.000  46.501  8363.754  8363.759  42430.156  13905.915  834.297  -1130.163  0.000  0.000  899.000  946.000  748.000  617.000  415.000  724.000  781.000  1870.000  1660.000  1436.000  3095.000  877.000  1361.000  1524.000 
 1.001  47.502  8364.487  8364.479  42558.625  13966.249  891.621  -1120.705  0.000  0.000  982.000  951.000  714.000  618.000  460.000  694.000  777.000  1976.000  1638.000  1391.000  3026.000  868.000  1256.000  1506.000 
 1.001  48.503  8365.240  8365.229  42685.977  14032.434  957.794  -1123.367  0.000  0.000  923.000  927.000  669.000  643.000  397.000  712.000  740.000  1928.000  1644.000  1376.000  3107.000  816.000  1354.000  1485.000 
 1.001  49.504  8366.012  8366.009  42535.211  14002.472  996.816  -1127.149  0.000  0.000  894.000  833.000  714.000  638.000  397.000  646.000  731.000  1834.000  1556.000  1466.000  3014.000  829.000  1299.000  1511.000 
 1.002  50.506  8366.802  8366.790  42547.328  14017.360  1029.689  -1126.052  0.000  0.000  907.000  939.000  711.000  622.000  368.000  629.000  761.000  1885.000  1683.000  1375.000  2868.000  834.000  1274.000  1502.000 
 1.002  51.508  8367.611  8367.601  42406.324  13987.102  1045.411  -1132.075  0.000  0.000  865.000  918.000  630.000  642.000  419.000  622.000  693.000  1850.000  1636.000  1301.000  2743.000  802.000  1241.000  1378.000 
 1.003  52.511  8368.440  8368.441  42448.203  14022.694  1064.983  -1136.218  0.000  0.000  842.000  868.000  675.000  633.000  399.000  658.000  651.000  1791.000  1566.000  1387.000  2674.000  817.000  1275.000  1348.000 
 1.003  53.514  8369.288  8369.282  42517.965  14069.140  1083.404  -1138.482  0.000  0.000  859.000  841.000  674.000  619.000  349.000  647.000  641.000  1788.000  1534.000  1382.000  2510.000  744.000  1258.000  1359.000 
 1.004  54.518  8370.155  8370.153  42655.609  14139.437  1097.675  -1139.867  0.000  0.000  802.000  792.000  620.000  582.000  381.000  648.000  628.000  1806.000  1477.000  1314.000  2393.000  791.000  1228.000  1342.000 
 1.005  55.523  8371.041  8371.056  42777.137  14201.585  1101.796  -1138.371  0.000  0.000  826.000  793.000  605.000  582.000  368.000  614.000  678.000  1839.000  1513.000  1311.000  2362.000  783.000  1221.000  1426.000 
 1.006  56.529  8371.945  8371.957  42880.543  14258.585  1084.766  -1148.996  0.000  0.000  868.000  796.000  661.000  521.000  358.000  650.000  682.000  1883.000  1531.000  1328.000  2264.000  746.000  1241.000  1383.000 
 1.006  57.535  8372.869  8372.859  43012.832  14329.438  1054.586  -1150.741  0.000  0.000  821.000  799.000  583.000  553.000  347.000  643.000  618.000  1795.000  1567.000  1275.000  2332.000  759.000  1229.000  1312.000 
 1.007  58.542  8373.812  8373.821  43479.008  14528.142  1029.255  -1153.607  0.000  0.000  810.000  814.000  592.000  539.000  377.000  669.000  645.000  1869.000  1613.000  1249.000  2202.000  769.000  1301.000  1368.000 
 1.008  59.550  8374.774  8374.784  43430.059  14525.698  956.775  -1155.593  0.000  0.000  843.000  805.000  608.000  504.000  353.000  604.000  614.000  1840.000  1552.000  1309.000  2438.000  779.000  1236.000  1336.000 
 1.009  60.560  8375.756  8375.747  43495.996  14567.106  888.144  -1159.700  0.000  0.000  818.000  825.000  600.000  581.000  371.000  569.000  690.000  1853.000  1587.000  1294.000  2465.000  784.000  1164.000  1402.000 
 1.010  61.570  8376.756  8376.770  43667.816  14636.366  791.362  -1095.927  0.000  0.000  825.000  826.000  640.000  558.000  346.000  604.000  671.000  1858.000  1557.000  1348.000  2510.000  758.000  1186.000  1387.000 
 1.011  62.581  8377.775  8377.764  43737.516  14676.479  703.430  -1073.274  0.000  0.000  817.000  738.000  657.000  525.000  372.000  568.000  686.000  1917.000  1447.000  1339.000  2514.000  789.000  1144.000  1432.000 
 1.012  63.594  8378.813  8378.817  43836.098  14743.442  640.348  -1117.741  0.000  0.000  853.000  792.000  604.000  553.000  364.000  586.000  662.000  2019.000  1567.000  1318.000  2453.000  793.000  1148.000  1424.000 
 1.014  64.607  8379.870  8379.871  43647.562  14688.258  550.116  -1109.329  0.000  0.000  828.000  779.000  574.000  562.000  357.000  597.000  620.000  1866.000  1550.000  1293.000  2423.000  763.000  1176.000  1387.000 
 1.015  65.622  8380.946  8380.956  43689.910  14730.925  497.733  -1127.037  0.000  0.000  892.000  792.000  639.000  547.000  360.000  633.000  670.000  1893.000  1503.000  1349.000  2514.000  768.000  1182.000  1404.000 
 1.016  66.639  8382.042  8382.040  43714.141  14761.444  466.200  -1129.866  0.000  0.000  809.000  851.000  649.000  561.000  359.000  623.000  691.000  1819.000  1583.000  1374.000  2463.000  763.000  1241.000  1457.000 
 1.018  67.656  8383.156  8383.155  44111.250  14928.816  481.516  -1131.815  0.000  0.000  841.000  839.000  655.000  572.000  345.000  631.000  651.000  1827.000  1591.000  1334.000  2581.000  721.000  1201.000  1394.000 
 1.019  68.675  8384.290  8384.302  43801.242  14828.039  494.682  -1133.885  0.000  0.000  891.000  869.000  600.000  603.000  384.000  625.000  694.000  1853.000  1556.000  1347.000  2819.000  813.000  1211.000  1448.000 
 1.021  69.696  8385.442  8385.447  43931.117  14893.114  554.698  -1131.074  0.000  0.000  835.000  872.000  632.000  594.000  370.000  670.000  668.000  1848.000  1618.000  1350.000  2776.000  756.000  1291.000  1443.000 
 1.022  70.718  8386.614  8386.624  44069.875  14958.041  640.564  -1130.385  0.000  0.000  921.000  898.000  659.000  597.000  378.000  671.000  688.000  1852.000  1654.000  1380.000  2974.000  820.000  1254.000  1464.000 
 1.024  71.742  8387.805  8387.801  44113.516  14994.820  743.279  -1129.815  0.000  0.000  939.000  977.000  661.000  640.000  414.000  684.000  701.000  1891.000  1736.000  1364.000  2896.000  822.000  1325.000  1508.000 
 1.025  72.767  8389.015  8389.008  44505.035  15161.451  869.844  -1139.366  0.000  0.000  867.000  921.000  721.000  678.000  385.000  668.000  731.000  1830.000  1684.000  1454.000  2767.000  804.000  1250.000  1521.000 
 1.027  73.794  8390.243  8390.246  44180.438  15057.934  950.258  -1142.037  0.000  0.000  956.000  972.000  702.000  616.000  403.000  700.000  693.000  1879.000  1664.000  1417.000  2495.000  810.000  1318.000  1465.000 
 1.029  74.823  8391.491  8391.484  44614.723  15242.269  1064.522  -1152.829  0.000  0.000  966.000  970.000  734.000  671.000  402.000  755.000  794.000  1917.000  1649.000  1443.000  2214.000  845.000  1320.000  1564.000 
 1.031  75.854  8392.758  8392.753  44725.891  15300.455  1152.636  -1156.741  0.000  0.000  1037.000  952.000  753.000  683.000  413.000  698.000  785.000  1912.000  1669.000  1502.000  1927.000  819.000  1270.000  1536.000 
 1.033  76.887  8394.044  8394.053  44811.941  15348.493  1216.599  -1159.773  0.000  0.000  969.000  923.000  762.000  694.000  421.000  755.000  768.000  1867.000  1619.000  1531.000  1679.000  818.000  1322.000  1484.000 
 1.035  77.921  8395.349  8395.353  44540.875  15277.383  1242.412  -1163.926  0.000  0.000  1040.000  954.000  707.000  659.000  443.000  752.000  721.000  1948.000  1642.000  1379.000  1517.000  822.000  1317.000  1464.000 
 1.037  78.958  8396.673  8396.684  44678.688  15342.125  1260.075  -1168.199  0.000  0.000  977.000  946.000  754.000  642.000  446.000  713.000  814.000  1863.000  1622.000  1465.000  1445.000  832.000  1296.000  1528.000 
 1.039  79.997  8398.016  8398.015  44716.383  15385.720  1263.587  -1173.592  0.000  0.000  1019.000  922.000  784.000  626.000  416.000  711.000  773.000  1890.000  1605.000  1538.000  1355.000  800.000  1327.000  1534.000 
 1.041  81.038  8399.378  8399.376  45174.961  15585.165  1289.949  -1172.106  0.000  0.000  998.000  948.000  731.000  661.000  442.000  732.000  769.000  1928.000  1648.000  1472.000  1379.000  898.000  1314.000  1519.000 
 1.043  82.081  8400.759  8400.769  45113.422  15585.463  1299.161  -1180.740  0.000  0.000  970.000  957.000  686.000  715.000  442.000  724.000  739.000  1815.000  1621.000  1417.000  1447.000  865.000  1330.000  1536.000 
 1.045  83.126  8402.159  8402.161  45122.762  15621.613  1321.222  -1182.495  0.000  0.000  1052.000  954.000  728.000  684.000  471.000  753.000  791.000  1944.000  1699.000  1427.000  1392.000  863.000  1371.000  1571.000 
 1.048  84.173  8403.578  8403.585  45167.988  15665.614  1345.133  -1184.370  0.000  0.000  981.000  965.000  725.000  686.000  407.000  804.000  758.000  1850.000  1668.000  1458.000  1390.000  810.000  1388.000  1497.000 
 1.050  85.223  8405.017  8405.010  45639.094  15867.468  1373.893  -1186.365  0.000  0.000  1014.000  925.000  775.000  666.000  427.000  741.000  772.000  1881.000  1596.000  1497.000  1456.000  835.000  1365.000  1503.000 
 1.052  86.275  8406.474  8406.464  45551.082  15853.173  1336.504  -1158.481  0.000  0.000  1041.000  955.000  760.000  692.000  434.000  796.000  779.000  1900.000  1652.000  1487.000  1424.000  858.000  1403.000  1553.000 
 1.055  87.330  8407.950  8407.950  45718.953  15939.730  1303.964  -1143.717  0.000  0.000  983.000  940.000  778.000  670.000  479.000  742.000  789.000  1858.000  1645.000  1519.000  1446.000  906.000  1346.000  1565.000 
 1.057  88.387  8409.445  8409.437  45523.707  15887.140  1250.273  -1146.073  0.000  0.000  1049.000  905.000  755.000  718.000  453.000  753.000  752.000  1914.000  1645.000  1498.000  1471.000  859.000  1368.000  1476.000 
 1.060  89.447  8410.960  8410.954  46031.340  16109.400  1246.432  -1133.550  0.000  0.000  1054.000  910.000  747.000  708.000  465.000  761.000  767.000  1951.000  1649.000  1524.000  1448.000  879.000  1398.000  1521.000 
 1.062  90.510  8412.493  8412.502  46149.855  16177.514  1219.441  -1115.147  0.000  0.000  1074.000  957.000  790.000  725.000  439.000  764.000  802.000  1902.000  1681.000  1558.000  1479.000  858.000  1369.000  1612.000 
 1.065  91.575  8414.046  8414.051  46002.254  16159.479  1188.299  -1152.865  0.000  0.000  1008.000  967.000  762.000  707.000  451.000  773.000  803.000  1879.000  1648.000  1522.000  1453.000  891.000  1365.000  1625.000 
 1.068  92.643  8415.618  8415.631  46012.535  16192.295  1139.008  -1157.703  0.000  0.000  1027.000  949.000  784.000  730.000  449.000  788.000  792.000  1885.000  1665.000  1587.000  1454.000  878.000  1370.000  1586.000 
 1.071  93.713  8417.208  8417.211  46161.699  16284.964  1088.565  -1166.661  0.000  0.000  1037.000  1002.000  758.000  725.000  484.000  831.000  830.000  1907.000  1720.000  1560.000  1434.000  911.000  1434.000  1652.000 
 1.074  94.787  8418.818  8418.822  46626.742  16499.484  1057.973  -1168.739  0.000  0.000  1007.000  990.000  819.000  749.000  444.000  772.000  810.000  1833.000  1695.000  1601.000  1526.000  874.000  1403.000  1659.000 
 1.076  95.863  8420.447  8420.435  46450.672  16465.857  989.230  -1172.938  0.000  0.000  1095.000  955.000  838.000  756.000  494.000  780.000  768.000  1873.000  1653.000  1617.000  1516.000  929.000  1408.000  1589.000 
 1.079  96.943  8422.095  8422.108  46615.480  16567.080  945.337  -1171.258  0.000  0.000  1034.000  954.000  777.000  717.000  464.000  780.000  835.000  1917.000  1732.000  1583.000  1443.000  891.000  1437.000  1660.000 
 1.082  98.025  8423.762  8423.752  47100.172  16786.156  904.293  -1156.697  0.000  0.000  1037.000  950.000  793.000  718.000  440.000  775.000  798.000  1867.000  1704.000  1537.000  1532.000  866.000  1367.000  1709.000 
 1.086  99.111  8425.447  8425.457  46912.746  16758.086  828.099  -1172.257  0.000  0.000  1087.000  960.000  785.000  714.000  430.000  804.000  779.000  1922.000  1714.000  1579.000  1467.000  894.000  1452.000  1641.000 
 1.089  100.199  8427.152  8427.163  46969.199  16816.865  751.755  -1169.938  0.000  0.000  1082.000  891.000  745.000  704.000  448.000  785.000  880.000  1880.000  1680.000  1514.000  1479.000  877.000  1396.000  1747.000 
 1.092  101.291  8428.877  8428.870  47616.539  17100.496  699.260  -1121.739  0.000  0.000  1018.000  915.000  773.000  661.000  465.000  747.000  858.000  1859.000  1671.000  1573.000  1453.000  889.000  1387.000  1767.000 
 1.095  102.386  8430.620  8430.608  47564.758  17123.980  648.615  -1124.660  0.000  0.000  1005.000  916.000  773.000  734.000  495.000  715.000  799.000  1823.000  1676.000  1570.000  1520.000  930.000  1372.000  1717.000 
 1.098  103.485  8432.382  8432.377  47497.859  17143.316  636.820  -1155.702  0.000  0.000  969.000  897.000  776.000  706.000  449.000  745.000  781.000  1772.000  1653.000  1569.000  1522.000  885.000  1393.000  1737.000 
 1.102  104.586  8434.163  8434.178  47863.844  17335.504  674.874  -1162.863  0.000  0.000  1043.000  939.000  755.000  683.000  452.000  763.000  783.000  1943.000  1731.000  1594.000  1490.000  922.000  1414.000  1715.000 
 1.105  105.692  8435.963  8435.948  48189.707  17511.543  754.778  -1195.146  0.000  0.000  985.000  953.000  778.000  687.000  421.000  749.000  776.000  1791.000  1735.000  1609.000  1498.000  861.000  1399.000  1702.000 
 1.109  106.800  8437.782  8437.781  48092.457  17519.434  840.532  -1215.548  0.000  0.000  1003.000  957.000  736.000  671.000  439.000  739.000  717.000  1874.000  1730.000  1548.000  1477.000  847.000  1407.000  1659.000 
 1.112  107.912  8439.621  8439.615  48130.086  17578.178  940.135  -1234.071  0.000  0.000  1007.000  921.000  769.000  611.000  449.000  717.000  802.000  1845.000  1731.000  1588.000  1444.000  916.000  1406.000  1728.000 
 1.116  109.028  8441.479  8441.479  48603.598  17801.773  1070.588  -1239.715  0.000  0.000  1049.000  910.000  750.000  697.000  448.000  759.000  764.000  1885.000  1647.000  1596.000  1499.000  916.000  1458.000  1649.000 
 1.119  110.148  8443.354  8443.346  48824.992  17930.221  1194.891  -1244.479  0.000  0.000  963.000  912.000  812.000  704.000  450.000  748.000  790.000  1784.000  1735.000  1621.000  1497.000  915.000  1425.000  1646.000 
 1.123  111.271  8445.250  8445.242  48661.270  17896.520  1288.043  -1248.363  0.000  0.000  1007.000  909.000  772.000  696.000  446.000  769.000  787.000  1922.000  1712.000  1627.000  1516.000  924.000  1443.000  1538.000 
 1.127  112.398  8447.165  8447.171  49303.426  18186.670  1403.045  -1255.367  0.000  0.000  1030.000  958.000  783.000  713.000  427.000  772.000  838.000  1914.000  1699.000  1585.000  1543.000  901.000  1466.000  1534.000 
 1.131  113.528  8449.099  8449.101  49016.469  18117.672  1453.896  -1256.492  0.000  0.000  1030.000  913.000  783.000  727.000  426.000  772.000  853.000  1944.000  1716.000  1672.000  1539.000  894.000  1440.000  1555.000 
 1.135  114.663  8451.051  8451.062  49563.391  18373.527  1589.597  -1258.737  0.000  0.000  1109.000  906.000  849.000  684.000  490.000  741.000  821.000  2023.000  1721.000  1718.000  1534.000  961.000  1395.000  1535.000 
 1.139  115.801  8453.022  8453.024  49647.195  18451.232  1724.148  -1263.103  0.000  0.000  1064.000  929.000  778.000  715.000  441.000  736.000  821.000  1979.000  1714.000  1629.000  1519.000  917.000  1431.000  1571.000 
 1.142  116.944  8455.014  8455.018  49561.879  18454.791  1858.549  -1265.589  0.000  0.000  1083.000  924.000  809.000  696.000  452.000  770.000  841.000  1969.000  1728.000  1702.000  1464.000  939.000  1430.000  1605.000 
 1.147  118.090  8457.023  8457.013  49904.449  18639.201  1996.799  -1271.195  0.000  0.000  1089.000  934.000  848.000  737.000  440.000  796.000  835.000  1996.000  1727.000  1684.000  1558.000  907.000  1498.000  1544.000 
 1.151  119.241  8459.052  8459.039  50400.898  18877.463  2097.899  -1271.922  0.000  0.000  1116.000  933.000  772.000  709.000  538.000  805.000  830.000  2050.000  1785.000  1671.000  1526.000  1063.000  1496.000  1547.000 
 1.155  120.396  8461.100  8461.097  50361.234  18904.578  2103.848  -1282.769  0.000  0.000  1064.000  1013.000  852.000  773.000  462.000  768.000  848.000  2000.000  1814.000  1697.000  1621.000  956.000  1482.000  1637.000 
 1.159  121.555  8463.167  8463.156  50502.449  19001.543  2074.647  -1294.737  0.000  0.000  1140.000  1041.000  836.000  732.000  525.000  780.000  829.000  2067.000  1931.000  1751.000  1568.000  993.000  1472.000  1577.000 
 1.163  122.718  8465.253  8465.247  50687.543  19129.361  2013.296  -1302.824  0.000  0.000  1107.000  1010.000  831.000  759.000  485.000  794.000  865.000  2086.000  1848.000  1719.000  1557.000  948.000  1491.000  1567.000 
 1.168  123.886  8467.357  8467.369  51058.523  19320.031  1937.794  -1302.033  0.000  0.000  1142.000  984.000  819.000  741.000  465.000  819.000  898.000  2044.000  1828.000  1708.000  1584.000  946.000  1538.000  1660.000 
 1.172  125.058  8469.481  8469.493  51396.387  19504.553  1850.142  -1305.361  0.000  0.000  1100.000  1014.000  888.000  759.000  451.000  829.000  870.000  2062.000  1855.000  1826.000  1617.000  935.000  1523.000  1666.000 
 1.176  126.234  8471.625  8471.618  51415.129  19559.926  1750.340  -1309.810  0.000  0.000  1126.000  1052.000  833.000  781.000  530.000  812.000  861.000  2093.000  1883.000  1750.000  1626.000  1003.000  1508.000  1635.000 
 1.181  127.415  8473.787  8473.775  51453.754  19615.150  1663.387  -1274.380  0.000  0.000  1136.000  962.000  834.000  792.000  507.000  819.000  872.000  2070.000  1830.000  1773.000  1670.000  975.000  1489.000  1660.000 
 1.185  128.600  8475.968  8475.964  51794.262  19809.229  1660.284  -1281.069  0.000  0.000  1137.000  987.000  804.000  787.000  497.000  824.000  861.000  2082.000  1908.000  1703.000  1677.000  999.000  1540.000  1659.000 
 1.190  129.790  8478.169  8478.154  51995.652  19953.158  1700.031  -1298.879  0.000  0.000  1076.000  1049.000  864.000  860.000  523.000  815.000  894.000  1996.000  1924.000  1728.000  1747.000  1029.000  1511.000  1664.000 
 1.195  130.985  8480.388  8480.376  52057.922  20025.939  1740.627  -1304.810  0.000  0.000  1188.000  1072.000  892.000  794.000  468.000  843.000  908.000  2151.000  1937.000  1821.000  1683.000  979.000  1601.000  1662.000 
 1.199  132.185  8482.626  8482.630  52327.074  20175.572  1756.073  -1255.860  0.000  0.000  1156.000  1055.000  867.000  860.000  497.000  893.000  915.000  2146.000  1913.000  1838.000  1761.000  1015.000  1639.000  1740.000 
 1.204  133.389  8484.884  8484.885  52477.109  20282.057  1705.369  -1236.031  0.000  0.000  1109.000  1081.000  906.000  788.000  505.000  893.000  930.000  2109.000  1924.000  1785.000  1644.000  1010.000  1689.000  1706.000 
 1.209  134.598  8487.160  8487.173  52914.027  20515.393  1588.514  -1226.323  0.000  0.000  1171.000  1091.000  906.000  852.000  519.000  867.000  952.000  2229.000  1964.000  1842.000  1756.000  1034.000  1646.000  1782.000 
 1.214  135.812  8489.456  8489.461  52912.828  20555.582  1385.509  -1212.735  0.000  0.000  1202.000  1103.000  914.000  817.000  475.000  871.000  959.000  2150.000  2051.000  1909.000  1750.000  1027.000  1620.000  1744.000 
 1.219  137.031  8491.771  8491.782  53281.512  20765.621  1227.354  -1217.267  0.000  0.000  1158.000  1077.000  912.000  856.000  559.000  875.000  928.000  2158.000  1987.000  1856.000  1758.000  1090.000  1583.000  1732.000 
 1.224  138.255  8494.104  8494.104  53787.074  21031.514  1133.048  -1224.920  0.000  0.000  1261.000  1123.000  948.000  812.000  540.000  887.000  955.000  2251.000  2115.000  1885.000  1744.000  1110.000  1604.000  1763.000 
 1.229  139.484  8496.456  8496.459  53865.520  21112.258  1071.592  -1228.693  0.000  0.000  1221.000  1100.000  895.000  815.000  526.000  915.000  949.000  2205.000  2056.000  1862.000  1792.000  1082.000  1702.000  1819.000 
 1.234  140.718  8498.828  8498.815  53843.848  21150.855  1039.985  -1231.586  0.000  0.000  1165.000  1108.000  940.000  853.000  540.000  921.000  1031.000  2187.000  2041.000  1867.000  1848.000  1091.000  1701.000  1847.000 
 1.239  141.957  8501.219  8501.234  54289.059  21404.303  1065.229  -1249.600  0.000  0.000  1305.000  1120.000  884.000  832.000  531.000  924.000  946.000  2291.000  2072.000  1823.000  1795.000  1111.000  1717.000  1802.000 
 1.244  143.201  8503.629  8503.624  54234.152  21430.604  1084.322  -1230.734  0.000  0.000  1242.000  1177.000  942.000  841.000  524.000  861.000  974.000  2237.000  2121.000  1881.000  1755.000  1077.000  1674.000  1836.000 
 1.250  144.451  8506.058  8506.046  54832.125  21739.754  1191.264  -1211.988  0.000  0.000  1184.000  1100.000  932.000  839.000  529.000  853.000  945.000  2175.000  2082.000  1912.000  1845.000  1096.000  1674.000  1870.000 
 1.255  145.706  8508.506  8508.501  54916.984  21840.758  1338.056  -1224.363  0.000  0.000  1289.000  1134.000  924.000  793.000  550.000  929.000  895.000  2374.000  2101.000  1901.000  1743.000  1096.000  1722.000  1819.000 
 1.261  146.967  8510.973  8510.988  55363.723  22093.613  1553.698  -1201.859  0.000  0.000  1268.000  1106.000  937.000  813.000  522.000  867.000  1004.000  2312.000  2062.000  1967.000  1772.000  1073.000  1692.000  1869.000 
 1.266  148.233  8513.459  8513.445  55386.344  22169.320  1796.189  -1178.474  0.000  0.000  1185.000  1065.000  873.000  860.000  550.000  845.000  950.000  2289.000  2037.000  1821.000  1859.000  1111.000  1582.000  1856.000 
 1.271  149.504  8515.964  8515.967  55665.844  22364.881  2135.531  -1217.210  0.000  0.000  1186.000  1077.000  917.000  800.000  539.000  929.000  988.000  2168.000  2025.000  1945.000  1812.000  1135.000  1720.000  1896.000 
 1.277  150.781  8518.488  8518.489  56230.230  22665.291  2483.721  -1174.066  0.000  0.000  1192.000  1161.000  967.000  860.000  542.000  884.000  969.000  2296.000  2152.000  2007.000  1842.000  1130.000  1722.000  1810.000 
 1.283  152.064  8521.031  8521.045  56390.496  22813.555  2805.762  -1246.043  0.000  0.000  1258.000  1107.000  918.000  836.000  544.000  955.000  969.000  2355.000  2101.000  1966.000  1835.000  1170.000  1766.000  1844.000 
 1.288  153.352  8523.593  8523.603  56623.645  22980.670  3006.652  -1245.140  0.000  0.000  1245.000  1056.000  957.000  892.000  569.000  903.000  995.000  2316.000  2055.000  1989.000  1928.000  1221.000  1756.000  1850.000 
 1.294  154.646  8526.175  8526.161  56747.676  23117.637  3082.391  -1324.357  0.000  0.000  1207.000  1078.000  935.000  864.000  533.000  904.000  974.000  2321.000  2093.000  2005.000  1864.000  1225.000  1725.000  1890.000 
 1.300  155.946  8528.774  8528.783  57284.590  23427.455  3038.981  -1347.695  0.000  0.000  1252.000  1102.000  927.000  798.000  575.000  905.000  953.000  2378.000  2099.000  2008.000  1818.000  1372.000  1714.000  1851.000 
 1.306  157.252  8531.395  8531.408  57235.383  23461.127  2831.420  -1307.153  0.000  0.000  1257.000  1106.000  930.000  849.000  508.000  930.000  920.000  2345.000  2119.000  1957.000  1880.000  1331.000  1808.000  1803.000 
 1.312  158.564  8534.032  8534.034  57582.062  23698.648  2669.708  -1352.732  0.000  0.000  1230.000  1121.000  967.000  869.000  574.000  893.000  1008.000  2392.000  2167.000  2067.000  1868.000  1332.000  1774.000  1833.000 
 1.318  159.881  8536.690  8536.693  58226.621  24069.023  2541.847  -1370.431  0.000  0.000  1256.000  1061.000  968.000  916.000  510.000  969.000  1019.000  2336.000  2097.000  2081.000  1991.000  1267.000  1855.000  1950.000 
 1.324  161.205  8539.366  8539.354  58253.062  24146.250  2388.835  -1342.250  0.000  0.000  1278.000  1164.000  922.000  860.000  569.000  922.000  984.000  2420.000  2259.000  2003.000  1861.000  1306.000  1811.000  1921.000 
 1.330  162.534  8542.062  8542.048  58455.387  24313.328  2314.672  -1356.190  0.000  0.000  1253.000  1176.000  987.000  868.000  549.000  915.000  996.000  2521.000  2210.000  2086.000  1887.000  1270.000  1807.000  1894.000 
 1.336  163.870  8544.777  8544.774  58637.594  24484.258  2325.360  -1423.250  0.000  0.000  1255.000  1196.000  988.000  856.000  570.000  984.000  983.000  2687.000  2275.000  2055.000  1877.000  1314.000  1914.000  1917.000 
 1.342  165.212  8547.511  8547.503  59129.680  24779.041  2370.896  -1407.430  0.000  0.000  1276.000  1248.000  954.000  910.000  610.000  985.000  978.000  2793.000  2401.000  2160.000  1915.000  1381.000  1913.000  1951.000 
 1.348  166.561  8550.264  8550.265  59249.648  24903.674  2417.283  -1404.731  0.000  0.000  1325.000  1252.000  982.000  923.000  620.000  915.000  1041.000  2909.000  2402.000  2156.000  2000.000  1348.000  1842.000  2016.000 
 1.355  167.915  8553.035  8553.028  59601.500  25138.160  2493.519  -1421.152  0.000  0.000  1256.000  1282.000  972.000  908.000  530.000  1016.000  1040.000  2953.000  2416.000  2236.000  1984.000  1198.000  2040.000  2006.000 
 1.361  169.276  8555.826  8555.825  60046.234  25411.498  2579.605  -1423.693  0.000  0.000  1292.000  1246.000  1047.000  871.000  581.000  967.000  992.000  2930.000  2397.000  2255.000  1944.000  1384.000  2040.000  1975.000 
 1.367  170.643  8558.636  8558.624  60353.852  25619.688  2687.541  -1452.355  0.000  0.000  1291.000  1241.000  1017.000  899.000  568.000  910.000  1005.000  2933.000  2430.000  2218.000  1986.000  1435.000  1918.000  1995.000 
 1.374  172.017  8561.465  8561.457  60554.348  25779.729  2780.326  -1450.137  0.000  0.000  1360.000  1273.000  1002.000  911.000  582.000  1049.000  1082.000  2938.000  2479.000  2222.000  1972.000  1440.000  2032.000  2109.000 
 1.380  173.398  8564.312  8564.322  60958.730  26050.623  2847.961  -1452.040  0.000  0.000  1300.000  1245.000  994.000  937.000  554.000  1042.000  1051.000  2863.000  2438.000  2214.000  2109.000  1451.000  2056.000  2050.000 
 1.387  174.785  8567.180  8567.189  61020.992  26164.367  2802.445  -1488.063  0.000  0.000  1405.000  1294.000  952.000  948.000  596.000  952.000  1057.000  3035.000  2492.000  2220.000  2120.000  1530.000  1977.000  2109.000 
 1.394  176.178  8570.065  8570.060  61611.137  26522.965  2692.780  -1496.206  0.000  0.000  1346.000  1295.000  1032.000  924.000  598.000  987.000  1004.000  3031.000  2489.000  2277.000  2113.000  1524.000  2001.000  2078.000 
 1.400  177.578  8572.971  8572.963  61893.164  26737.414  2541.963  -1504.470  0.000  0.000  1425.000  1326.000  985.000  965.000  587.000  1004.000  1064.000  3346.000  2541.000  2247.000  2132.000  1518.000  1932.000  2033.000 
 1.407  178.985  8575.896  8575.899  61937.070  26853.715  2410.997  -1506.854  0.000  0.000  1383.000  1360.000  1027.000  924.000  611.000  1029.000  1111.000  3391.000  2582.000  2241.000  2120.000  1522.000  2078.000  2084.000 
 1.414  180.399  8578.838  8578.838  62412.859  27164.867  2367.880  -1513.358  0.000  0.000  1323.000  1360.000  1062.000  958.000  606.000  999.000  1099.000  3282.000  2559.000  2333.000  2163.000  1466.000  1935.000  2156.000 
 1.421  181.820  8581.801  8581.811  62252.535  27173.873  2311.613  -1507.983  0.000  0.000  1406.000  1485.000  1019.000  939.000  604.000  1014.000  1011.000  3380.000  2655.000  2363.000  2242.000  1543.000  1969.000  1987.000 
 1.428  183.248  8584.782  8584.785  62429.090  27345.730  2333.195  -1509.728  0.000  0.000  1408.000  1345.000  1008.000  966.000  592.000  1017.000  1047.000  3586.000  2587.000  2306.000  2340.000  1530.000  1964.000  2099.000 
 1.435  184.682  8587.782  8587.793  62560.523  27490.438  2404.627  -1515.594  0.000  0.000  1415.000  1355.000  1040.000  892.000  622.000  1057.000  1057.000  3679.000  2616.000  2348.000  2242.000  1579.000  2089.000  2078.000 
 1.442  186.124  8590.802  8590.804  62345.844  27465.998  2513.909  -1523.580  0.000  0.000  1358.000  1421.000  1073.000  880.000  626.000  1020.000  1046.000  3835.000  2659.000  2363.000  2310.000  1627.000  2051.000  2135.000 
 1.449  187.573  8593.840  8593.849  59872.047  26349.410  2507.040  -1530.686  0.000  0.000  1284.000  1314.000  1059.000  925.000  617.000  985.000  1059.000  3849.000  2610.000  2338.000  2412.000  1647.000  1992.000  2092.000 
 1.456  189.029  8596.897  8596.896  61893.129  27463.676  2905.021  -1539.912  0.000  0.000  1393.000  1363.000  1025.000  1001.000  577.000  983.000  1066.000  4545.000  2723.000  2385.000  2696.000  1686.000  2044.000  2174.000 
 1.463  190.492  8599.975  8599.976  65876.094  29429.791  3470.852  -1556.260  0.000  0.000  1487.000  1467.000  1069.000  979.000  685.000  1122.000  1163.000  4747.000  2872.000  2459.000  2683.000  1902.000  2177.000  2366.000 
 1.470  191.962  8603.070  8603.059  65887.938  29519.760  3672.532  -1563.727  0.000  0.000  1408.000  1480.000  1079.000  1021.000  617.000  1105.000  1147.000  4571.000  2824.000  2449.000  2687.000  1741.000  2179.000  2270.000 
 1.478  193.440  8606.185  8606.176  65781.672  29559.578  3816.062  -1581.315  0.000  0.000  1463.000  1398.000  1046.000  960.000  651.000  1094.000  1118.000  4614.000  2826.000  2424.000  2508.000  1745.000  2205.000  2227.000 
 1.485  194.925  8609.318  8609.327  64554.281  29020.250  3765.442  -1566.023  0.000  0.000  1465.000  1443.000  1055.000  990.000  579.000  1044.000  1107.000  4349.000  2813.000  2398.000  2409.000  1656.000  2091.000  2234.000 
 1.493  196.417  8612.471  8612.480  62659.773  28224.775  3610.671  -1577.851  0.000  0.000  1408.000  1407.000  979.000  911.000  611.000  1046.000  1049.000  4106.000  2777.000  2306.000  2349.000  1736.000  2099.000  2149.000 
 1.500  197.917  8615.643  8615.637  63968.148  28964.150  3737.750  -1601.800  0.000  0.000  1377.000  1324.000  1067.000  987.000  618.000  1042.000  1152.000  4075.000  2746.000  2375.000  2450.000  1803.000  2113.000  2294.000 
 1.508  199.425  8618.834  8618.827  61861.406  28022.377  3541.678  -1599.869  0.000  0.000  1407.000  1302.000  1096.000  952.000  575.000  1050.000  1069.000  4074.000  2675.000  2465.000  2397.000  1629.000  2085.000  2277.000 
 1.515  200.940  8622.044  8622.052  62068.547  28234.457  3576.457  -1605.059  0.000  0.000  1379.000  1364.000  1080.000  978.000  580.000  1019.000  1135.000  3908.000  2690.000  2417.000  2653.000  1541.000  2046.000  2203.000 
 1.523  202.463  8625.272  8625.278  70921.570  32660.389  4420.084  -1595.369  0.000  0.000  1557.000  1603.000  1253.000  1026.000  665.000  1199.000  1195.000  4580.000  3020.000  2732.000  2927.000  1681.000  2320.000  2460.000 
 1.531  203.993  8628.521  8628.508  69560.477  32108.172  4309.562  -1600.799  0.000  0.000  1573.000  1505.000  1137.000  1024.000  629.000  1106.000  1222.000  4714.000  2949.000  2615.000  2791.000  1677.000  2210.000  2392.000 
 1.538  205.532  8631.788  8631.772  66096.258  30504.807  3973.889  -1604.350  0.000  0.000  1424.000  1438.000  1095.000  1026.000  621.000  1062.000  1147.000  4217.000  2842.000  2440.000  2673.000  1656.000  2168.000  2292.000 
 1.546  207.078  8635.074  8635.071  67778.930  31413.293  4101.066  -1619.021  0.000  0.000  1480.000  1438.000  1121.000  1008.000  658.000  1072.000  1168.000  4077.000  2862.000  2589.000  2527.000  1768.000  2230.000  2416.000 
 1.554  208.632  8638.379  8638.372  68948.477  32111.633  4160.093  -1625.812  0.000  0.000  1561.000  1466.000  1177.000  1050.000  684.000  1078.000  1171.000  3938.000  2911.000  2655.000  2489.000  1817.000  2189.000  2361.000 
 1.562  210.194  8641.703  8641.708  68346.906  31922.822  4053.969  -1642.724  0.000  0.000  1511.000  1488.000  1119.000  1068.000  678.000  1086.000  1208.000  3600.000  2891.000  2605.000  2426.000  1653.000  2167.000  2351.000 
 1.570  211.764  8645.047  8645.047  65747.227  30742.865  3763.695  -1641.756  0.000  0.000  1406.000  1395.000  1076.000  1014.000  644.000  1103.000  1133.000  3626.000  2788.000  2451.000  2449.000  1610.000  2202.000  2368.000 
 1.578  213.342  8648.409  8648.420  68621.422  32224.760  3999.270  -1653.909  0.000  0.000  1447.000  1444.000  1178.000  1041.000  628.000  1092.000  1211.000  3793.000  2991.000  2736.000  2486.000  1626.000  2300.000  2482.000 
 1.586  214.928  8651.790  8651.796  72473.500  34344.508  4358.695  -1667.182  0.000  0.000  1585.000  1605.000  1241.000  1109.000  705.000  1193.000  1288.000  4131.000  3086.000  2718.000  2645.000  1640.000  2371.000  2589.000 
 1.594  216.522  8655.190  8655.175  72072.461  34259.105  4305.970  -1675.575  0.000  0.000  1577.000  1566.000  1172.000  1120.000  719.000  1167.000  1192.000  4152.000  3056.000  2756.000  2597.000  1666.000  2414.000  2534.000 
 1.603  218.125  8658.610  8658.621  72190.297  34449.555  4302.095  -1692.088  0.000  0.000  1560.000  1544.000  1159.000  1051.000  732.000  1169.000  1195.000  3563.000  3026.000  2703.000  2504.000  1642.000  2379.000  2459.000 
 1.611  219.735  8662.049  8662.037  72738.023  34837.855  4323.068  -1695.722  0.000  0.000  1579.000  1539.000  1185.000  1098.000  694.000  1110.000  1235.000  3229.000  2951.000  2708.000  2586.000  1646.000  2339.000  2510.000 
 1.619  221.355  8665.506  8665.521  73042.633  35120.012  4303.892  -1703.477  0.000  0.000  1659.000  1452.000  1215.000  1104.000  710.000  1186.000  1267.000  3307.000  2896.000  2750.000  2599.000  1631.000  2438.000  2556.000 
 1.628  222.982  8668.983  8668.976  73496.117  35467.016  4303.565  -1696.352  0.000  0.000  1643.000  1520.000  1267.000  1087.000  674.000  1212.000  1270.000  3299.000  3010.000  2742.000  2547.000  1574.000  2470.000  2583.000 
 1.636  224.618  8672.479  8672.465  73776.492  35731.875  4338.089  -1708.347  0.000  0.000  1575.000  1482.000  1192.000  1120.000  734.000  1184.000  1289.000  3305.000  2967.000  2733.000  2600.000  1647.000  2439.000  2606.000 
 1.644  226.263  8675.993  8675.990  73917.742  35947.582  4418.461  -1717.462  0.000  0.000  1673.000  1493.000  1209.000  1117.000  771.000  1166.000  1342.000  3433.000  3017.000  2754.000  2649.000  1669.000  2438.000  2727.000 
 1.653  227.916  8679.527  8679.518  74405.883  36315.145  4553.684  -1673.698  0.000  0.000  1654.000  1510.000  1265.000  1140.000  748.000  1233.000  1265.000  3439.000  3013.000  2896.000  2671.000  1628.000  2504.000  2664.000 
 1.662  229.577  8683.080  8683.081  74856.898  36677.559  4745.756  -1699.054  0.000  0.000  1582.000  1514.000  1313.000  1131.000  760.000  1232.000  1304.000  3415.000  3116.000  2948.000  2723.000  1684.000  2499.000  2661.000 
 1.670  231.248  8686.651  8686.647  75516.797  37115.824  4937.677  -1626.531  0.000  0.000  1604.000  1546.000  1260.000  1201.000  781.000  1219.000  1336.000  3556.000  3141.000  2918.000  2819.000  1694.000  2509.000  2686.000 
 1.679  232.927  8690.243  8690.249  75925.578  37424.941  5062.449  -1441.128  0.000  0.000  1580.000  1571.000  1268.000  1163.000  776.000  1235.000  1265.000  3513.000  3191.000  2955.000  2802.000  1679.000  2563.000  2587.000 
 1.688  234.615  8693.853  8693.854  76626.242  37920.910  5217.069  -1391.845  0.000  0.000  1773.000  1580.000  1270.000  1189.000  766.000  1299.000  1341.000  3701.000  3128.000  2946.000  2790.000  1677.000  2612.000  2845.000 
 1.697  236.311  8697.481  8697.493  77461.789  38574.730  5466.540  -1702.683  0.000  0.000  1760.000  1564.000  1326.000  1152.000  785.000  1271.000  1395.000  3763.000  3190.000  2963.000  2783.000  1739.000  2622.000  2867.000 
 1.706  238.017  8701.130  8701.137  77507.211  38756.402  5501.860  -1751.641  0.000  0.000  1740.000  1595.000  1291.000  1171.000  759.000  1324.000  1349.000  3787.000  3240.000  2939.000  2794.000  1655.000  2683.000  2809.000 
 1.715  239.732  8704.797  8704.783  77934.523  39137.930  5573.030  -1753.719  0.000  0.000  1722.000  1615.000  1282.000  1182.000  776.000  1306.000  1363.000  3823.000  3217.000  3019.000  2875.000  1780.000  2705.000  2880.000 
 1.724  241.455  8708.483  8708.498  78587.711  39634.305  5732.050  -1768.918  0.000  0.000  1692.000  1636.000  1259.000  1119.000  743.000  1264.000  1329.000  3851.000  3324.000  2911.000  2807.000  1708.000  2637.000  2822.000 
 1.733  243.188  8712.188  8712.184  78939.789  39980.535  5946.919  -1847.237  0.000  0.000  1688.000  1632.000  1316.000  1231.000  762.000  1260.000  1424.000  3867.000  3295.000  3064.000  2899.000  1715.000  2617.000  2921.000 
 1.742  244.930  8715.913  8715.905  79435.742  40384.613  6164.638  -1843.677  0.000  0.000  1761.000  1687.000  1335.000  1148.000  754.000  1322.000  1367.000  3977.000  3390.000  3117.000  2924.000  1733.000  2625.000  2928.000 
 1.751  246.681  8719.656  8719.662  80052.578  40869.547  6341.207  -1857.237  0.000  0.000  1736.000  1669.000  1353.000  1230.000  801.000  1295.000  1356.000  4040.000  3410.000  3170.000  2924.000  1763.000  2629.000  2877.000 
 1.760  248.441  8723.418  8723.423  80623.305  41335.332  6456.625  -1889.917  0.000  0.000  1773.000  1688.000  1337.000  1188.000  758.000  1281.000  1435.000  4095.000  3473.000  3138.000  2953.000  1772.000  2791.000  2934.000 
 1.770  250.211  8727.200  8727.188  80765.906  41549.965  6477.892  -1853.717  0.000  0.000  1736.000  1741.000  1392.000  1236.000  785.000  1304.000  1386.000  4182.000  3542.000  3203.000  2991.000  1803.000  2764.000  2910.000 
 1.779  251.989  8731.000  8730.987  81453.391  42034.453  6584.010  -1863.638  0.000  0.000  1706.000  1665.000  1313.000  1209.000  790.000  1317.000  1447.000  4093.000  3494.000  3173.000  2934.000  1781.000  2828.000  3042.000 
 1.788  253.778  8734.819  8734.823  81861.758  42393.793  6645.977  -1898.680  0.000  0.000  1829.000  1652.000  1281.000  1169.000  822.000  1338.000  1403.000  4127.000  3426.000  3117.000  2969.000  1834.000  2932.000  3032.000 
 1.798  255.576  8738.658  8738.663  82334.000  42785.984  6693.793  -1857.842  0.000  0.000  1818.000  1703.000  1369.000  1306.000  784.000  1322.000  1479.000  4078.000  3469.000  3344.000  3032.000  1779.000  2847.000  3109.000 
 1.807  257.383  8742.516  8742.506  82470.133  43005.031  6696.460  -1851.124  0.000  0.000  1793.000  1669.000  1471.000  1222.000  824.000  1289.000  1421.000  4016.000  3419.000  3329.000  3034.000  1835.000  2738.000  3035.000 
 1.817  259.200  8746.393  8746.386  82641.148  43234.926  6625.976  -1624.526  0.000  0.000  1849.000  1761.000  1386.000  1282.000  827.000  1374.000  1440.000  4066.000  3586.000  3268.000  3217.000  1875.000  2909.000  3126.000 
 1.827  261.026  8750.288  8750.302  83309.039  43809.672  6778.342  -1847.049  0.000  0.000  1891.000  1739.000  1427.000  1332.000  792.000  1389.000  1436.000  4068.000  3580.000  3345.000  3225.000  1853.000  2909.000  3070.000 
 1.836  262.863  8754.203  8754.188  83899.812  44311.273  6811.557  -1766.692  0.000  0.000  1870.000  1733.000  1464.000  1291.000  831.000  1358.000  1503.000  4002.000  3606.000  3330.000  3121.000  1890.000  2987.000  3137.000 
 1.846  264.709  8758.137  8758.145  84488.477  44862.723  6978.622  -2061.456  0.000  0.000  1815.000  1748.000  1451.000  1286.000  790.000  1314.000  1451.000  3963.000  3615.000  3379.000  3273.000  1917.000  2903.000  3156.000 
 1.856  266.564  8762.090  8762.104  84969.016  45308.027  7003.537  -1974.340  0.000  0.000  1865.000  1739.000  1447.000  1325.000  824.000  1399.000  1525.000  4084.000  3678.000  3407.000  3395.000  1924.000  3005.000  3212.000 
 1.866  268.430  8766.062  8766.068  85270.438  45666.180  7049.301  -1999.344  0.000  0.000  1960.000  1784.000  1435.000  1276.000  865.000  1380.000  1465.000  4219.000  3714.000  3518.000  3311.000  1964.000  2950.000  3238.000 
 1.876  270.306  8770.053  8770.068  85766.742  46133.188  7100.915  -1952.469  0.000  0.000  1872.000  1804.000  1433.000  1236.000  847.000  1384.000  1468.000  4016.000  3747.000  3470.000  3316.000  1915.000  3068.000  3209.000 
 1.886  272.191  8774.062  8774.072  86124.930  46549.047  7195.379  -2065.714  0.000  0.000  1856.000  1745.000  1379.000  1301.000  863.000  1394.000  1503.000  4040.000  3671.000  3369.000  3405.000  1971.000  3042.000  3296.000 
 1.896  274.087  8778.092  8778.080  86902.000  47186.758  7327.692  -2076.079  0.000  0.000  1919.000  1767.000  1428.000  1309.000  860.000  1431.000  1536.000  4092.000  3713.000  3496.000  3588.000  1961.000  3122.000  3285.000 
 1.906  275.992  8782.140  8782.125  87254.953  47563.320  7441.855  -2084.565  0.000  0.000  2039.000  1780.000  1453.000  1340.000  810.000  1458.000  1532.000  4119.000  3803.000  3515.000  3873.000  1897.000  3113.000  3303.000 
 1.916  277.908  8786.207  8786.207  87509.781  47925.734  7584.868  -2098.171  0.000  0.000  1942.000  1893.000  1417.000  1293.000  835.000  1407.000  1510.000  4100.000  3993.000  3444.000  4589.000  1948.000  3082.000  3252.000 
 1.926  279.834  8790.293  8790.293  88228.500  48559.000  7827.730  -2124.898  0.000  0.000  1871.000  1888.000  1450.000  1371.000  875.000  1383.000  1545.000  4051.000  4065.000  3459.000  5210.000  2103.000  3032.000  3408.000 
 1.936  281.770  8794.398  8794.382  88875.094  49141.117  8077.442  -2140.745  0.000  0.000  1985.000  1948.000  1497.000  1285.000  859.000  1491.000  1577.000  4217.000  4226.000  3640.000  6051.000  2060.000  3203.000  3471.000 
 1.947  283.717  8798.523  8798.509  89422.578  49676.090  8294.003  -2148.712  0.000  0.000  1987.000  1990.000  1476.000  1296.000  836.000  1508.000  1698.000  4248.000  4223.000  3669.000  6992.000  2042.000  3324.000  3532.000 
 1.957  285.674  8802.666  8802.673  89831.938  50094.910  8431.415  -2109.800  0.000  0.000  2001.000  1949.000  1483.000  1302.000  869.000  1486.000  1543.000  4347.000  4347.000  3654.000  7715.000  2049.000  3272.000  3469.000 
 1.967  287.641  8806.829  8806.841  90247.180  50550.586  8560.676  -2128.008  0.000  0.000  2083.000  2014.000  1539.000  1386.000  914.000  1536.000  1591.000  4290.000  4381.000  3823.000  8330.000  2249.000  3379.000  3497.000 
 1.978  289.619  8811.011  8811.014  90523.305  50927.109  8647.786  -2123.336  0.000  0.000  2060.000  2030.000  1502.000  1346.000  875.000  1501.000  1572.000  4457.000  4378.000  3793.000  8862.000  2263.000  3424.000  3532.000 
 1.988  291.608  8815.211  8815.223  91012.312  51449.488  8758.746  -2148.785  0.000  0.000  2061.000  2032.000  1507.000  1447.000  916.000  1470.000  1528.000  4514.000  4380.000  3727.000  8944.000  2230.000  3328.000  3548.000 
 1.999  293.607  8819.431  8819.437  91572.203  52022.719  8908.556  -2173.354  0.000  0.000  2106.000  2088.000  1556.000  1388.000  867.000  1436.000  1605.000  4474.000  4480.000  3889.000  8927.000  2195.000  3327.000  3604.000 
 2.010  295.617  8823.669  8823.655  91982.977  52476.801  9036.216  -2155.043  0.000  0.000  2105.000  2126.000  1534.000  1425.000  865.000  1516.000  1593.000  4569.000  4542.000  3941.000  9431.000  2180.000  3498.000  3662.000 
 2.020  297.637  8827.927  8827.910  92473.633  52995.734  9229.725  -2197.853  0.000  0.000  2176.000  2047.000  1571.000  1391.000  902.000  1498.000  1561.000  4670.000  4515.000  3967.000  9551.000  2319.000  3398.000  3562.000 
 2.031  299.668  8832.203  8832.204  92824.164  53436.520  9422.083  -2221.783  0.000  0.000  2022.000  2051.000  1519.000  1404.000  965.000  1560.000  1609.000  4573.000  4575.000  3963.000  9800.000  2346.000  3504.000  3720.000 
 2.042  301.710  8836.499  8836.502  93604.586  54135.156  9663.292  -2242.834  0.000  0.000  2063.000  2029.000  1542.000  1407.000  964.000  1490.000  1592.000  4578.000  4616.000  3962.000  9544.000  2403.000  3487.000  3776.000 
 2.053  303.763  8840.814  8840.804  93761.883  54446.645  9757.350  -2165.005  0.000  0.000  2151.000  2076.000  1595.000  1395.000  866.000  1659.000  1710.000  4689.000  4565.000  4022.000  8989.000  2261.000  3711.000  3852.000 
 2.064  305.827  8845.148  8845.144  94290.070  55001.984  9902.258  -2119.296  0.000  0.000  2106.000  2095.000  1598.000  1417.000  898.000  1497.000  1665.000  4578.000  4589.000  4132.000  7785.000  2268.000  3469.000  3803.000 
 2.075  307.902  8849.501  8849.488  94994.133  55679.180  10133.015  -2210.708  0.000  0.000  2162.000  2158.000  1555.000  1420.000  948.000  1556.000  1693.000  4695.000  4713.000  4024.000  6879.000  2340.000  3580.000  3797.000 
 2.086  309.988  8853.873  8853.870  95656.078  56328.223  10327.622  -2210.240  0.000  0.000  2158.000  2115.000  1536.000  1419.000  930.000  1607.000  1693.000  4675.000  4648.000  3906.000  6091.000  2299.000  3564.000  3812.000 
 2.097  312.085  8858.264  8858.257  96102.906  56851.117  10449.078  -2119.892  0.000  0.000  2197.000  2155.000  1599.000  1433.000  946.000  1646.000  1717.000  4801.000  4698.000  4004.000  5957.000  2379.000  3582.000  3886.000 
 2.108  314.193  8862.674  8862.683  96211.617  57217.867  10580.385  -2223.665  0.000  0.000  2159.000  2076.000  1689.000  1517.000  978.000  1589.000  1727.000  4763.000  4641.000  4102.000  5966.000  2435.000  3609.000  3834.000 
 2.119  316.312  8867.104  8867.112  96775.211  57825.469  10692.541  -2163.558  0.000  0.000  2192.000  2082.000  1599.000  1467.000  918.000  1610.000  1666.000  4710.000  4654.000  4025.000  5635.000  2318.000  3634.000  3764.000 
 2.131  318.443  8871.552  8871.546  97574.688  58626.922  10905.547  -2360.572  0.000  0.000  2177.000  2096.000  1645.000  1489.000  945.000  1673.000  1739.000  4785.000  4648.000  4151.000  5539.000  2336.000  3652.000  3839.000 
 2.142  320.585  8876.019  8876.019  97979.039  59170.223  10983.401  -2354.706  0.000  0.000  2250.000  2183.000  1659.000  1487.000  1007.000  1700.000  1742.000  4807.000  4761.000  4206.000  5655.000  2385.000  3799.000  3934.000 
 2.153  322.738  8880.505  8880.496  98547.281  59830.379  11097.106  -2371.960  0.000  0.000  2183.000  2158.000  1621.000  1408.000  1009.000  1726.000  1745.000  4820.000  4741.000  4074.000  5748.000  2463.000  3694.000  3969.000 
 2.165  324.903  8885.010  8885.012  99082.398  60467.387  11185.661  -2405.335  0.000  0.000  2265.000  2343.000  1636.000  1577.000  959.000  1691.000  1771.000  4901.000  4978.000  4109.000  6721.000  2414.000  3792.000  3999.000 
 2.176  327.079  8889.534  8889.532  99395.406  60957.246  11251.065  -2440.830  0.000  0.000  2270.000  2255.000  1731.000  1474.000  956.000  1705.000  1739.000  5014.000  4958.000  4370.000  6910.000  2394.000  3887.000  3949.000 
 2.188  329.267  8894.078  8894.092  99725.289  61431.961  11330.319  -2434.445  0.000  0.000  2254.000  2265.000  1699.000  1461.000  959.000  1619.000  1787.000  5067.000  4958.000  4388.000  7674.000  2462.000  3800.000  4095.000 
 2.200  331.467  8898.641  8898.656  100735.055  62384.523  11577.423  -2529.181  0.000  0.000  2324.000  2220.000  1702.000  1576.000  968.000  1580.000  1792.000  5175.000  4994.000  4414.000  8630.000  2474.000  3755.000  4183.000 
 2.211  333.678  8903.222  8903.226  100988.711  62818.938  11721.376  -2504.037  0.000  0.000  2315.000  2258.000  1741.000  1545.000  1026.000  1656.000  1816.000  5184.000  4969.000  4538.000  9266.000  2590.000  3910.000  4182.000 
 2.223  335.901  8907.822  8907.833  101418.242  63357.207  11959.179  -2494.013  0.000  0.000  2296.000  2315.000  1727.000  1517.000  998.000  1639.000  1794.000  5260.000  5113.000  4517.000  9356.000  2572.000  3890.000  4167.000 
 2.235  338.135  8912.442  8912.446  102051.648  64035.324  12250.832  -2521.110  0.000  0.000  2276.000  2311.000  1712.000  1566.000  1006.000  1740.000  1814.000  5238.000  5117.000  4531.000  10012.000  2530.000  4095.000  4310.000 
 2.247  340.382  8917.081  8917.063  101924.945  64233.297  12393.334  -2491.327  0.000  0.000  2336.000  2300.000  1734.000  1484.000  1033.000  1675.000  1826.000  5332.000  5263.000  4615.000  10616.000  2704.000  3974.000  4244.000 
 2.258  342.640  8921.738  8921.755  99492.125  62936.121  12191.686  -2527.665  0.000  0.000  2231.000  2253.000  1690.000  1485.000  960.000  1667.000  1673.000  5090.000  5122.000  4430.000  8621.000  2540.000  3893.000  4082.000 
 2.270  344.911  8926.415  8926.417  102679.188  65330.793  12785.887  -2435.123  0.000  0.000  2249.000  2191.000  1770.000  1534.000  1028.000  1649.000  1830.000  5196.000  5099.000  4475.000  6724.000  2656.000  3959.000  4296.000 
 2.282  347.193  8931.111  8931.118  104679.125  66961.320  13241.938  -2494.701  0.000  0.000  2337.000  2184.000  1810.000  1591.000  1003.000  1774.000  1959.000  5329.000  5088.000  4518.000  5687.000  2558.000  4141.000  4458.000 
 2.294  349.488  8935.826  8935.825  104689.953  67315.703  13372.839  -2500.400  0.000  0.000  2348.000  2116.000  1788.000  1608.000  1050.000  1762.000  1842.000  5399.000  4877.000  4611.000  4726.000  2681.000  4125.000  4349.000 
 2.307  351.794  8940.560  8940.570  105574.656  68246.930  13641.590  -2517.219  0.000  0.000  2423.000  2213.000  1818.000  1607.000  1097.000  1765.000  1808.000  5626.000  5075.000  4697.000  4387.000  2714.000  4025.000  4296.000 
 2.319  354.113  8945.312  8945.321  105563.242  68547.016  13753.189  -2526.158  0.000  0.000  2354.000  2123.000  1781.000  1588.000  1021.000  1692.000  1872.000  5466.000  4977.000  4640.000  4460.000  2556.000  4064.000  4332.000 
 2.331  356.444  8950.085  8950.078  106082.719  69208.945  13935.640  -2472.218  0.000  0.000  2432.000  2182.000  1794.000  1657.000  1036.000  1801.000  1986.000  5489.000  5024.000  4741.000  4513.000  2656.000  4157.000  4495.000 
 2.343  358.787  8954.876  8954.874  106632.070  69858.734  14143.938  -2460.398  0.000  0.000  2416.000  2255.000  1830.000  1707.000  1041.000  1796.000  1876.000  5545.000  5058.000  4766.000  4578.000  2616.000  4163.000  4362.000 
 2.356  361.143  8959.687  8959.675  107281.305  70602.375  14432.088  -2626.699  0.000  0.000  2456.000  2249.000  1817.000  1664.000  1084.000  1837.000  1853.000  5621.000  5113.000  4859.000  4508.000  2766.000  4232.000  4366.000 
 2.368  363.511  8964.516  8964.517  107697.422  71220.859  14636.086  -2629.120  0.000  0.000  2406.000  2220.000  1893.000  1658.000  1052.000  1867.000  1843.000  5506.000  5118.000  4806.000  4548.000  2678.000  4285.000  4453.000 
 2.381  365.892  8969.363  8969.362  107702.414  71545.203  14762.935  -2571.661  0.000  0.000  2409.000  2241.000  1844.000  1683.000  1065.000  1789.000  1918.000  5632.000  5067.000  4837.000  4523.000  2732.000  4209.000  4612.000 
 2.393  368.285  8974.230  8974.215  109052.297  72823.398  15167.633  -2636.323  0.000  0.000  2459.000  2279.000  1899.000  1638.000  1139.000  1698.000  1948.000  5688.000  5154.000  5001.000  4566.000  2800.000  4062.000  4541.000 
 2.406  370.690  8979.117  8979.106  109438.062  73446.445  15376.181  -2643.105  0.000  0.000  2508.000  2243.000  1879.000  1705.000  1070.000  1797.000  1874.000  5723.000  5165.000  4918.000  4587.000  2789.000  4345.000  4586.000 
 2.418  373.109  8984.022  8984.039  109235.703  73647.344  15483.577  -2671.007  0.000  0.000  2609.000  2122.000  1813.000  1627.000  1064.000  1808.000  1900.000  5847.000  5151.000  4793.000  4577.000  2747.000  4256.000  4686.000 
 2.431  375.540  8988.947  8988.941  109136.234  73910.094  15586.824  -2667.030  0.000  0.000  2422.000  2227.000  1808.000  1737.000  1103.000  1834.000  1943.000  5788.000  5247.000  4808.000  4750.000  2788.000  4432.000  4702.000 
 2.444  377.983  8993.891  8993.885  109485.641  74496.695  15764.921  -2676.173  0.000  0.000  2535.000  2294.000  1809.000  1693.000  1063.000  1824.000  1879.000  5848.000  5247.000  5008.000  4755.000  2794.000  4368.000  4646.000 
 2.457  380.440  8998.853  8998.869  109957.930  75154.148  15940.867  -2641.437  0.000  0.000  2544.000  2298.000  1902.000  1706.000  1127.000  1894.000  1892.000  5961.000  5320.000  5078.000  4726.000  2848.000  4507.000  4755.000 
 2.469  382.909  9003.835  9003.823  109779.102  75387.453  16003.663  -2597.820  0.000  0.000  2465.000  2280.000  1806.000  1766.000  1065.000  1895.000  1995.000  5855.000  5358.000  4874.000  4873.000  2796.000  4472.000  4835.000 
 2.482  385.392  9008.835  9008.818  110900.156  76572.609  16329.309  -2613.325  0.000  0.000  2567.000  2327.000  1813.000  1722.000  1161.000  1793.000  1979.000  6014.000  5465.000  5038.000  4765.000  2880.000  4435.000  4781.000 
 2.495  387.887  9013.854  9013.854  110390.094  76570.617  16360.804  -2675.949  0.000  0.000  2474.000  2261.000  1845.000  1642.000  1050.000  1842.000  2049.000  5936.000  5308.000  4964.000  4648.000  2839.000  4522.000  4937.000 
 2.508  390.395  9018.894  9018.896  112353.914  78345.477  16803.148  -2673.694  0.000  0.000  2571.000  2405.000  1864.000  1703.000  1164.000  1862.000  1965.000  6114.000  5502.000  5106.000  4746.000  2880.000  4571.000  4883.000 
 2.521  392.917  9023.951  9023.942  113100.617  79201.188  17073.344  -2763.560  0.000  0.000  2567.000  2343.000  1895.000  1824.000  1187.000  1981.000  2015.000  6164.000  5526.000  5148.000  4945.000  2999.000  4728.000  4922.000 
 2.535  395.451  9029.028  9029.031  113543.203  79826.758  17271.387  -2778.545  0.000  0.000  2567.000  2252.000  1945.000  1793.000  1160.000  1965.000  2073.000  6090.000  5477.000  5280.000  4873.000  3016.000  4758.000  5036.000 
 2.548  397.999  9034.124  9034.125  113941.664  80448.172  17479.281  -2774.651  0.000  0.000  2623.000  2346.000  1945.000  1842.000  1106.000  1866.000  2002.000  6198.000  5604.000  5315.000  5026.000  2906.000  4682.000  4857.000 
 2.561  400.560  9039.239  9039.225  114222.016  81046.438  17680.025  -2762.878  0.000  0.000  2649.000  2413.000  1973.000  1801.000  1161.000  2009.000  2069.000  6437.000  5756.000  5347.000  5037.000  2930.000  4790.000  5023.000 
 2.574  403.134  9044.373  9044.366  114518.242  81650.562  17868.617  -2698.225  0.000  0.000  2632.000  2338.000  1979.000  1855.000  1103.000  1877.000  2046.000  6301.000  5740.000  5296.000  5074.000  3029.000  4610.000  5109.000 
 2.588  405.722  9049.526  9049.513  115454.352  82720.531  18213.061  -2675.692  0.000  0.000  2559.000  2349.000  1982.000  1832.000  1154.000  1986.000  2108.000  6270.000  5693.000  5364.000  4937.000  3063.000  4970.000  5175.000 
 2.601  408.323  9054.698  9054.701  115856.352  83408.359  18513.354  -2837.279  0.000  0.000  2753.000  2410.000  1972.000  1711.000  1118.000  1986.000  2030.000  6544.000  5798.000  5409.000  4994.000  2945.000  4930.000  5002.000 
 2.615  410.938  9059.890  9059.896  116003.227  83879.031  18721.496  -2815.987  0.000  0.000  2649.000  2536.000  1935.000  1835.000  1156.000  1920.000  2106.000  6821.000  6048.000  5388.000  5099.000  3043.000  4772.000  5271.000 
 2.628  413.566  9065.100  9065.097  116872.984  84918.562  19067.486  -2849.815  0.000  0.000  2663.000  2502.000  2005.000  1817.000  1126.000  2009.000  2109.000  7063.000  5994.000  5464.000  5158.000  3080.000  4911.000  5269.000 
 2.642  416.207  9070.329  9070.339  117591.625  85821.938  19356.328  -2747.764  0.000  0.000  2615.000  2572.000  2027.000  1764.000  1201.000  2001.000  2059.000  7217.000  6145.000  5543.000  5162.000  3159.000  4935.000  5185.000 
 2.655  418.863  9075.577  9075.587  117857.148  86402.172  19599.020  -2820.833  0.000  0.000  2651.000  2560.000  1995.000  1876.000  1209.000  1933.000  2095.000  7364.000  6089.000  5594.000  5339.000  3045.000  4933.000  5223.000 
 2.669  421.532  9080.845  9080.842  117257.547  86334.258  19638.561  -2800.022  0.000  0.000  2647.000  2530.000  1993.000  1845.000  1144.000  2022.000  2168.000  7204.000  6168.000  5567.000  5251.000  3125.000  5013.000  5338.000 
 2.683  424.215  9086.131  9086.139  118711.836  87873.195  20161.951  -2913.332  0.000  0.000  2770.000  2476.000  2114.000  1832.000  1258.000  2020.000  2140.000  7309.000  6212.000  5817.000  5219.000  3216.000  5083.000  5336.000 
 2.697  426.911  9091.437  9091.441  119258.000  88731.977  20460.191  -2916.762  0.000  0.000  2781.000  2666.000  2055.000  1946.000  1167.000  2042.000  2057.000  7488.000  6275.000  5706.000  5463.000  3202.000  5153.000  5276.000 
 2.711  429.622  9096.761  9096.750  119928.055  89670.617  20792.279  -2922.313  0.000  0.000  2719.000  2493.000  2065.000  1948.000  1229.000  1982.000  2102.000  7309.000  6241.000  5911.000  5481.000  3206.000  5147.000  5455.000 
 2.724  432.346  9102.104  9102.102  120635.984  90656.109  21126.219  -2964.984  0.000  0.000  2748.000  2541.000  2076.000  1971.000  1244.000  2027.000  2172.000  7168.000  6330.000  5874.000  5645.000  3340.000  5195.000  5446.000 
 2.738  435.085  9107.467  9107.459  120944.805  91373.453  21410.008  -2987.775  0.000  0.000  2772.000  2559.000  2120.000  1882.000  1166.000  2050.000  2224.000  7327.000  6313.000  6057.000  5497.000  3139.000  5166.000  5526.000 
 2.753  437.837  9112.849  9112.859  121697.500  92440.648  21770.646  -2949.687  0.000  0.000  2814.000  2667.000  2153.000  1885.000  1198.000  2106.000  2143.000  7368.000  6529.000  6183.000  5538.000  3302.000  5305.000  5485.000 
 2.767  440.604  9118.249  9118.266  122149.078  93245.695  22087.135  -3003.719  0.000  0.000  2776.000  2622.000  2145.000  1847.000  1175.000  2041.000  2171.000  7241.000  6532.000  6105.000  5655.000  3219.000  5375.000  5600.000 
 2.781  443.385  9123.669  9123.679  122808.539  94216.594  22435.473  -3028.871  0.000  0.000  2929.000  2646.000  2108.000  1989.000  1251.000  2110.000  2161.000  7450.000  6552.000  6089.000  5633.000  3406.000  5420.000  5599.000 
 2.795  446.180  9129.107  9129.098  123983.883  95590.344  22881.660  -3038.144  0.000  0.000  2928.000  2632.000  2127.000  1908.000  1289.000  2094.000  2246.000  7481.000  6569.000  6083.000  5682.000  3513.000  5635.000  5810.000 
 2.809  448.989  9134.565  9134.561  124125.109  96178.945  23114.697  -3034.537  0.000  0.000  2789.000  2680.000  2117.000  1979.000  1252.000  2100.000  2269.000  7167.000  6595.000  6145.000  5779.000  3438.000  5599.000  5952.000 
 2.824  451.813  9140.042  9140.029  125812.211  97986.398  23671.584  -3054.050  0.000  0.000  2923.000  2625.000  2156.000  2030.000  1324.000  2120.000  2311.000  7396.000  6653.000  6380.000  5895.000  3586.000  5840.000  5868.000 
 2.838  454.651  9145.538  9145.541  126368.203  98893.703  23958.320  -3056.684  0.000  0.000  2889.000  2614.000  2084.000  2000.000  1293.000  2125.000  2224.000  7439.000  6723.000  6138.000  5956.000  3554.000  5855.000  5890.000 
 2.852  457.503  9151.053  9151.060  126752.070  99650.867  24214.908  -3070.438  0.000  0.000  2925.000  2687.000  2169.000  2018.000  1306.000  2237.000  2211.000  7436.000  6834.000  6326.000  5910.000  3575.000  5878.000  5964.000 
 2.867  460.370  9156.587  9156.585  127050.828  100347.875  24432.344  -2992.312  0.000  0.000  2887.000  2747.000  2266.000  2000.000  1340.000  2179.000  2327.000  7382.000  6843.000  6524.000  5969.000  3559.000  5881.000  5970.000 
 2.882  463.252  9162.141  9162.152  123448.461  97889.734  23823.629  -3039.307  0.000  0.000  2840.000  2575.000  2101.000  1968.000  1278.000  2113.000  2271.000  7496.000  6839.000  6208.000  5922.000  3684.000  5948.000  6038.000 
 2.896  466.148  9167.712  9167.729  128865.977  102710.453  25200.764  -2990.423  0.000  0.000  3096.000  2695.000  2210.000  2064.000  1329.000  2253.000  2357.000  7741.000  6965.000  6441.000  6171.000  3766.000  6088.000  6143.000 
 2.911  469.059  9173.304  9173.311  127137.383  101709.016  25058.748  -3170.658  0.000  0.000  3032.000  2642.000  2151.000  2082.000  1324.000  2134.000  2248.000  7606.000  6789.000  6532.000  6179.000  3714.000  5950.000  6073.000 
 2.926  471.984  9178.914  9178.899  130975.664  105460.438  26193.584  -3194.014  0.000  0.000  3066.000  2738.000  2267.000  2171.000  1333.000  2257.000  2360.000  7909.000  7056.000  6630.000  6443.000  3732.000  6147.000  6267.000 
 2.940  474.924  9184.543  9184.532  130978.828  105973.703  26433.268  -3204.491  0.000  0.000  3032.000  2781.000  2355.000  2030.000  1359.000  2264.000  2264.000  7818.000  7044.000  6866.000  6293.000  3741.000  6139.000  6179.000 
 2.955  477.880  9190.191  9190.208  131832.875  107199.828  26853.801  -3199.087  0.000  0.000  3047.000  2749.000  2275.000  2091.000  1384.000  2246.000  2335.000  7906.000  7251.000  6714.000  6285.000  3835.000  6102.000  6369.000 
 2.970  480.850  9195.858  9195.854  131978.797  107795.797  27092.184  -3178.805  0.000  0.000  3036.000  2725.000  2316.000  2063.000  1366.000  2283.000  2481.000  7915.000  7184.000  6879.000  6275.000  3888.000  6154.000  6670.000 
 2.985  483.835  9201.545  9201.545  132664.609  108847.625  27453.418  -3139.642  0.000  0.000  3135.000  2851.000  2250.000  2039.000  1350.000  2222.000  2410.000  8053.000  7433.000  6777.000  6469.000  3865.000  6213.000  6505.000 
 3.000  486.835  9207.251  9207.242  132961.297  109605.297  27761.500  -3191.600  0.000  0.000  3053.000  2851.000  2382.000  2126.000  1402.000  2306.000  2425.000  8112.000  7396.000  7010.000  6584.000  3961.000  6423.000  6644.000 