SSRL   EXAFS Data Collector 4.0       
Sat Mar  9 02:18:10 2024              
PTS:        350 COLS:         24
xsp7sca1.det                          
Ni_15_EXAFS.rgn                       
43 unfocused  0.000 0 X 3.135600 20000                                        
5 1000 300 RST 0 0                    
Sample 1 spot 9; 0.9x4.9 beam; Elevator 2.5; cryohor 47;                      
cryo 10K; detuned by 30% plus 10 layers reynolds Al                           
                                                                              
                                                                              
                                                                              
                                                                              

Weights: 
 1.000  1.000  1.000  1.000  1.000  1.000  1.000  1.000  1.000  1.000  1.000  1.000  1.000  1.000  1.000  1.000  1.000  1.000  1.000  1.000  1.000  1.000  1.000  1.000 
Offsets: 
 0.000  0.000  0.000  0.000  2085.900  2619.900  2659.500  2129.200  0.000  0.000  0.000  0.000  0.000  0.000  0.000  0.000  0.000  0.000  0.000  0.000  0.000  0.000  0.000  0.000 
Data: 
Real time clock   
Sum_RTC           
Requested Energy  
Achieved Energy   
I0                
I1                
I2                
Lytle             
Spare             
Spare             
SCA1_1            
SCA1_2            
SCA1_3            
SCA1_4            
SCA1_5            
SCA1_6            
SCA1_7            
ICR1_1            
ICR1_2            
ICR1_3            
ICR1_4            
ICR1_5            
ICR1_6            
ICR1_7            

 0.500  0.500  8195.000  8195.008  19631.051  6683.050  7608.250  -580.600  0.000  0.000  17.000  14.000  6.000  16.000  10.000  15.000  13.000  290.000  262.000  273.000  264.000  154.000  223.000  207.000 
 0.500  1.000  8205.000  8205.003  19826.051  6830.050  7787.250  -572.600  0.000  0.000  18.000  17.000  17.000  15.000  8.000  8.000  14.000  293.000  282.000  292.000  271.000  186.000  234.000  265.000 
 0.500  1.500  8215.000  8214.994  19858.051  6927.050  7919.250  -577.600  0.000  0.000  25.000  18.000  10.000  12.000  10.000  16.000  16.000  303.000  297.000  311.000  267.000  175.000  248.000  268.000 
 0.500  2.000  8225.000  8225.011  20046.051  7093.050  8116.250  -569.600  0.000  0.000  28.000  9.000  15.000  11.000  8.000  12.000  13.000  326.000  281.000  280.000  310.000  174.000  236.000  254.000 
 0.500  2.500  8235.000  8234.994  20351.051  7301.050  8366.250  -566.600  0.000  0.000  24.000  12.000  20.000  13.000  12.000  18.000  19.000  359.000  285.000  303.000  313.000  169.000  243.000  276.000 
 0.500  3.000  8245.000  8245.003  20078.051  7289.050  8367.250  -571.600  0.000  0.000  14.000  19.000  20.000  18.000  12.000  20.000  14.000  309.000  302.000  329.000  312.000  181.000  285.000  268.000 
 0.500  3.500  8255.000  8255.007  20211.051  7442.050  8555.250  -574.600  0.000  0.000  22.000  11.000  13.000  19.000  10.000  14.000  14.000  342.000  299.000  321.000  337.000  189.000  257.000  270.000 
 0.500  4.000  8265.000  8265.007  20164.051  7522.050  8655.250  -570.600  0.000  0.000  14.000  15.000  22.000  15.000  10.000  12.000  14.000  335.000  301.000  324.000  317.000  211.000  251.000  302.000 
 0.500  4.500  8275.000  8275.003  20337.051  7696.050  8860.250  -574.600  0.000  0.000  17.000  19.000  16.000  6.000  9.000  8.000  20.000  322.000  314.000  307.000  306.000  165.000  233.000  293.000 
 0.500  5.000  8285.000  8284.994  20603.051  7908.050  9105.250  -569.600  0.000  0.000  19.000  14.000  15.000  12.000  10.000  3.000  14.000  326.000  330.000  345.000  319.000  172.000  225.000  377.000 
 0.500  5.500  8295.000  8295.011  20526.051  7971.050  9189.250  -573.600  0.000  0.000  17.000  17.000  18.000  22.000  6.000  6.000  14.000  377.000  355.000  356.000  404.000  209.000  286.000  537.000 
 0.500  6.000  8305.000  8304.993  20480.051  8050.050  9271.250  -574.600  0.000  0.000  16.000  22.000  18.000  18.000  11.000  15.000  15.000  345.000  345.000  336.000  477.000  191.000  260.000  574.000 
 0.500  6.500  8315.000  8315.000  20402.051  8121.050  9322.250  -567.600  0.000  0.000  23.000  21.000  18.000  13.000  7.000  14.000  12.000  360.000  359.000  344.000  548.000  205.000  254.000  451.000 
 0.500  7.000  8325.500  8325.507  20446.051  8254.050  9316.250  -568.600  0.000  0.000  17.000  18.000  12.000  16.000  9.000  16.000  15.000  388.000  437.000  380.000  572.000  191.000  261.000  387.000 
 0.500  7.500  8326.000  8326.012  20690.051  8363.050  9424.250  -567.600  0.000  0.000  17.000  26.000  18.000  17.000  10.000  22.000  24.000  379.000  463.000  382.000  646.000  215.000  272.000  398.000 
 0.500  8.000  8326.500  8326.487  20443.051  8258.050  9285.250  -566.600  0.000  0.000  14.000  18.000  11.000  16.000  9.000  17.000  14.000  360.000  407.000  359.000  609.000  200.000  258.000  414.000 
 0.500  8.500  8327.000  8326.993  20516.051  8298.050  9300.250  -568.600  0.000  0.000  20.000  22.000  18.000  14.000  6.000  12.000  13.000  393.000  444.000  399.000  612.000  213.000  265.000  426.000 
 0.500  9.000  8327.500  8327.499  20756.051  8409.050  9396.250  -570.600  0.000  0.000  19.000  17.000  26.000  8.000  9.000  9.000  16.000  398.000  446.000  396.000  616.000  210.000  261.000  403.000 
 0.500  9.500  8328.000  8328.004  20853.051  8458.050  9414.250  -571.600  0.000  0.000  26.000  22.000  22.000  14.000  12.000  12.000  17.000  375.000  488.000  407.000  648.000  189.000  267.000  411.000 
 0.500  10.000  8328.500  8328.510  20863.051  8467.050  9382.250  -571.600  0.000  0.000  35.000  16.000  8.000  15.000  11.000  17.000  13.000  429.000  438.000  407.000  652.000  243.000  310.000  388.000 
 0.500  10.500  8329.000  8328.985  20886.051  8482.050  9351.250  -569.600  0.000  0.000  27.000  17.000  19.000  22.000  14.000  18.000  19.000  386.000  471.000  390.000  605.000  232.000  293.000  414.000 
 0.500  11.000  8329.500  8329.491  20942.051  8514.050  9319.250  -569.600  0.000  0.000  19.000  26.000  17.000  14.000  10.000  23.000  12.000  389.000  461.000  389.000  607.000  222.000  307.000  416.000 
 0.500  11.500  8330.000  8329.997  20997.051  8541.050  9265.250  -568.600  0.000  0.000  25.000  11.000  22.000  19.000  8.000  25.000  11.000  423.000  470.000  423.000  610.000  201.000  314.000  417.000 
 0.500  12.000  8330.500  8330.503  20677.051  8407.050  9003.250  -569.600  0.000  0.000  25.000  33.000  15.000  15.000  10.000  20.000  13.000  433.000  454.000  413.000  618.000  207.000  293.000  445.000 
 0.500  12.500  8331.000  8331.009  20950.051  8532.050  8953.250  -570.600  0.000  0.000  23.000  20.000  16.000  16.000  8.000  23.000  19.000  422.000  475.000  423.000  632.000  200.000  300.000  468.000 
 0.500  13.000  8331.500  8331.515  20915.051  8523.050  8642.250  -571.600  0.000  0.000  27.000  27.000  14.000  27.000  13.000  26.000  17.000  413.000  490.000  447.000  648.000  224.000  310.000  424.000 
 0.500  13.500  8332.000  8331.991  21189.051  8650.050  8306.250  -571.600  0.000  0.000  28.000  37.000  23.000  28.000  16.000  31.000  26.000  402.000  521.000  393.000  665.000  247.000  279.000  439.000 
 0.500  14.000  8332.500  8332.497  20738.051  8449.050  7455.250  -572.600  0.000  0.000  35.000  44.000  29.000  28.000  11.000  24.000  24.000  396.000  499.000  430.000  659.000  255.000  307.000  452.000 
 0.500  14.500  8333.000  8333.003  20661.051  8420.050  6691.250  -570.600  0.000  0.000  48.000  36.000  41.000  31.000  18.000  28.000  48.000  429.000  482.000  461.000  678.000  240.000  290.000  478.000 
 0.500  15.000  8333.500  8333.510  20711.051  8450.050  6037.250  -571.600  0.000  0.000  36.000  41.000  27.000  22.000  15.000  29.000  38.000  433.000  443.000  428.000  606.000  226.000  272.000  493.000 
 0.500  15.500  8334.000  8333.986  21052.051  8608.050  5608.250  -569.600  0.000  0.000  34.000  35.000  25.000  21.000  14.000  27.000  38.000  422.000  485.000  421.000  612.000  228.000  303.000  478.000 
 0.500  16.000  8334.500  8334.492  20789.051  8499.050  5067.250  -571.600  0.000  0.000  26.000  32.000  19.000  19.000  16.000  21.000  28.000  386.000  475.000  452.000  645.000  240.000  281.000  465.000 
 0.500  16.500  8335.000  8334.999  20931.051  8564.050  4753.250  -571.600  0.000  0.000  33.000  29.000  33.000  22.000  15.000  28.000  24.000  430.000  448.000  443.000  613.000  211.000  320.000  435.000 
 0.500  17.000  8335.500  8335.505  21133.051  8663.050  4546.250  -571.600  0.000  0.000  26.000  31.000  25.000  19.000  7.000  25.000  21.000  420.000  476.000  445.000  592.000  210.000  326.000  459.000 
 0.500  17.500  8336.000  8336.012  21122.051  8665.050  4361.250  -572.600  0.000  0.000  25.000  26.000  23.000  22.000  15.000  27.000  34.000  401.000  472.000  453.000  563.000  229.000  308.000  467.000 
 0.500  18.000  8336.500  8336.488  20878.051  8563.050  4184.250  -571.600  0.000  0.000  36.000  31.000  32.000  24.000  17.000  23.000  38.000  431.000  461.000  421.000  666.000  228.000  281.000  470.000 
 0.500  18.500  8337.000  8336.995  20758.051  8511.050  4054.250  -571.600  0.000  0.000  35.000  49.000  39.000  20.000  15.000  28.000  38.000  394.000  450.000  480.000  595.000  241.000  293.000  467.000 
 0.500  19.000  8337.500  8337.502  20982.051  8617.050  4009.250  -570.600  0.000  0.000  34.000  39.000  32.000  34.000  25.000  34.000  43.000  434.000  498.000  487.000  588.000  235.000  302.000  491.000 
 0.500  19.500  8338.000  8338.009  21129.051  8680.050  3921.250  -569.600  0.000  0.000  61.000  40.000  45.000  27.000  24.000  31.000  37.000  492.000  484.000  434.000  588.000  235.000  296.000  485.000 
 0.500  20.000  8338.500  8338.485  20800.051  8541.050  3705.250  -568.600  0.000  0.000  74.000  56.000  46.000  48.000  27.000  47.000  38.000  472.000  483.000  435.000  578.000  213.000  331.000  463.000 
 0.500  20.500  8339.000  8338.992  21079.051  8663.050  3579.250  -568.600  0.000  0.000  73.000  68.000  65.000  49.000  41.000  64.000  43.000  487.000  501.000  483.000  618.000  286.000  373.000  498.000 
 0.500  21.000  8339.500  8339.499  21141.051  8697.050  3415.250  -569.600  0.000  0.000  85.000  76.000  68.000  55.000  46.000  68.000  73.000  511.000  519.000  500.000  618.000  263.000  352.000  488.000 
 0.500  21.500  8340.000  8340.007  21173.051  8711.050  3267.250  -570.600  0.000  0.000  97.000  93.000  76.000  61.000  50.000  76.000  77.000  562.000  515.000  494.000  597.000  277.000  371.000  488.000 
 0.500  22.000  8340.500  8340.514  21180.051  8718.050  3137.250  -570.600  0.000  0.000  129.000  113.000  103.000  84.000  47.000  91.000  100.000  573.000  555.000  529.000  761.000  292.000  342.000  560.000 
 0.500  22.500  8341.000  8340.991  20997.051  8637.050  2985.250  -570.600  0.000  0.000  133.000  127.000  104.000  98.000  51.000  88.000  121.000  559.000  581.000  472.000  689.000  272.000  357.000  542.000 
 0.500  23.000  8341.500  8341.498  21125.051  8693.050  2882.250  -570.600  0.000  0.000  151.000  147.000  116.000  98.000  63.000  102.000  121.000  596.000  584.000  495.000  683.000  283.000  369.000  535.000 
 0.500  23.500  8342.000  8342.005  21097.051  8682.050  2730.250  -570.600  0.000  0.000  191.000  159.000  153.000  126.000  68.000  112.000  149.000  608.000  622.000  580.000  758.000  300.000  401.000  559.000 
 0.500  24.000  8342.500  8342.513  21067.051  8667.050  2562.250  -570.600  0.000  0.000  197.000  180.000  138.000  114.000  73.000  140.000  135.000  622.000  616.000  578.000  695.000  327.000  407.000  608.000 
 0.500  24.500  8343.000  8342.990  20940.051  8611.050  2373.250  -570.600  0.000  0.000  209.000  191.000  156.000  141.000  76.000  152.000  156.000  680.000  651.000  579.000  777.000  291.000  431.000  573.000 
 0.500  25.000  8343.500  8343.498  21083.051  8674.050  2198.250  -570.600  0.000  0.000  244.000  231.000  169.000  152.000  87.000  167.000  176.000  695.000  658.000  603.000  809.000  338.000  439.000  586.000 
 0.500  25.500  8344.000  8344.005  20899.051  8595.050  1972.250  -572.600  0.000  0.000  266.000  231.000  167.000  156.000  100.000  174.000  209.000  735.000  651.000  571.000  832.000  326.000  473.000  629.000 
 0.500  26.000  8344.500  8344.513  21050.051  8660.050  1788.250  -572.600  0.000  0.000  259.000  257.000  225.000  191.000  88.000  200.000  193.000  773.000  720.000  695.000  854.000  306.000  500.000  569.000 
 0.500  26.500  8345.000  8344.990  21028.051  8653.050  1600.250  -572.600  0.000  0.000  281.000  292.000  206.000  209.000  125.000  213.000  201.000  798.000  723.000  597.000  884.000  347.000  477.000  612.000 
 0.500  27.000  8345.500  8345.498  21116.051  8688.050  1423.250  -571.600  0.000  0.000  323.000  313.000  254.000  201.000  145.000  228.000  251.000  861.000  803.000  655.000  873.000  365.000  521.000  651.000 
 0.500  27.500  8346.000  8346.006  20797.051  8544.050  1216.250  -571.600  0.000  0.000  347.000  319.000  257.000  225.000  141.000  270.000  255.000  882.000  784.000  633.000  937.000  382.000  555.000  665.000 
 0.500  28.000  8346.500  8346.514  21045.051  8657.050  1081.250  -571.600  0.000  0.000  338.000  320.000  273.000  229.000  140.000  297.000  310.000  870.000  740.000  693.000  870.000  374.000  605.000  727.000 
 0.500  28.500  8347.000  8346.992  21106.051  8685.050  955.250  -571.600  0.000  0.000  390.000  379.000  279.000  265.000  147.000  245.000  279.000  872.000  803.000  692.000  992.000  386.000  536.000  697.000 
 0.500  29.000  8347.500  8347.500  21096.051  8679.050  842.250  -572.600  0.000  0.000  396.000  407.000  316.000  266.000  184.000  258.000  326.000  925.000  861.000  700.000  984.000  412.000  558.000  735.000 
 0.500  29.500  8348.000  8348.008  21099.051  8684.050  756.250  -572.600  0.000  0.000  453.000  405.000  299.000  285.000  160.000  301.000  329.000  996.000  835.000  680.000  984.000  409.000  580.000  723.000 
 0.500  30.000  8348.500  8348.486  20991.051  8636.050  692.250  -572.600  0.000  0.000  382.000  406.000  303.000  280.000  174.000  292.000  337.000  882.000  878.000  692.000  990.000  441.000  586.000  749.000 
 0.500  30.500  8349.000  8348.994  21060.051  8671.050  659.250  -570.600  0.000  0.000  435.000  392.000  314.000  275.000  178.000  263.000  334.000  929.000  835.000  693.000  934.000  390.000  564.000  718.000 
 0.500  31.000  8349.500  8349.503  21112.051  8702.050  645.250  -571.600  0.000  0.000  419.000  430.000  290.000  300.000  155.000  299.000  334.000  909.000  863.000  665.000  997.000  386.000  588.000  715.000 
 0.500  31.500  8350.000  8350.011  20793.051  8563.050  620.250  -569.600  0.000  0.000  444.000  376.000  336.000  271.000  191.000  294.000  339.000  918.000  813.000  690.000  985.000  424.000  591.000  724.000 
 0.500  32.000  8350.500  8350.489  21057.051  8690.050  645.250  -569.600  0.000  0.000  388.000  427.000  300.000  299.000  168.000  307.000  316.000  937.000  879.000  661.000  1039.000  393.000  610.000  706.000 
 0.500  32.500  8351.000  8350.998  21035.051  8682.050  655.250  -569.600  0.000  0.000  401.000  412.000  328.000  292.000  196.000  282.000  337.000  923.000  814.000  677.000  993.000  424.000  578.000  759.000 
 0.500  33.000  8351.500  8351.506  21015.051  8681.050  674.250  -570.600  0.000  0.000  422.000  429.000  331.000  301.000  168.000  251.000  324.000  924.000  827.000  710.000  1014.000  408.000  565.000  690.000 
 0.500  33.500  8352.000  8352.015  20867.051  8624.050  683.250  -571.600  0.000  0.000  382.000  395.000  290.000  259.000  153.000  291.000  312.000  931.000  767.000  673.000  971.000  377.000  570.000  703.000 
 0.500  34.000  8352.500  8352.493  21048.051  8707.050  717.250  -572.600  0.000  0.000  407.000  437.000  310.000  301.000  179.000  320.000  348.000  912.000  856.000  695.000  1017.000  401.000  593.000  725.000 
 0.500  34.500  8353.000  8353.002  20940.051  8665.050  727.250  -572.600  0.000  0.000  432.000  390.000  304.000  256.000  172.000  290.000  332.000  951.000  795.000  687.000  952.000  406.000  582.000  706.000 
 0.500  35.000  8353.500  8353.511  21115.051  8748.050  747.250  -573.600  0.000  0.000  392.000  440.000  348.000  276.000  167.000  307.000  323.000  906.000  827.000  753.000  999.000  385.000  630.000  675.000 
 0.500  35.500  8354.000  8353.989  21144.051  8768.050  749.250  -572.600  0.000  0.000  410.000  417.000  326.000  282.000  190.000  286.000  317.000  971.000  831.000  678.000  1003.000  411.000  589.000  683.000 
 0.500  36.000  8354.500  8354.498  21045.051  8731.050  729.250  -572.600  0.000  0.000  369.000  409.000  324.000  321.000  155.000  307.000  285.000  978.000  781.000  664.000  1079.000  415.000  604.000  664.000 
 0.500  36.500  8355.000  8355.007  21148.051  8786.050  708.250  -572.600  0.000  0.000  414.000  417.000  266.000  257.000  191.000  306.000  316.000  996.000  769.000  651.000  952.000  418.000  609.000  694.000 
 0.500  37.000  8355.500  8355.486  21058.051  8749.050  667.250  -573.600  0.000  0.000  409.000  386.000  297.000  253.000  158.000  298.000  323.000  978.000  765.000  673.000  961.000  409.000  618.000  669.000 
 0.500  37.500  8356.000  8355.995  20732.051  8613.050  608.250  -573.600  0.000  0.000  368.000  436.000  271.000  254.000  164.000  254.000  300.000  962.000  831.000  652.000  1020.000  426.000  555.000  619.000 
 0.500  38.000  8356.500  8356.504  20991.051  8732.050  585.250  -574.600  0.000  0.000  392.000  381.000  254.000  257.000  173.000  294.000  280.000  981.000  775.000  593.000  934.000  370.000  603.000  610.000 
 0.500  38.500  8357.000  8357.014  21095.051  8788.050  561.250  -574.600  0.000  0.000  387.000  417.000  286.000  304.000  161.000  282.000  286.000  947.000  778.000  665.000  1005.000  391.000  564.000  652.000 
 0.500  39.000  8357.500  8357.493  21081.051  8786.050  539.250  -571.600  0.000  0.000  375.000  383.000  318.000  258.000  167.000  247.000  289.000  945.000  750.000  670.000  945.000  392.000  539.000  657.000 
 0.500  39.500  8358.000  8358.002  20728.051  8632.050  509.250  -570.600  0.000  0.000  374.000  368.000  291.000  247.000  178.000  253.000  278.000  994.000  744.000  683.000  968.000  399.000  535.000  651.000 
 0.500  40.000  8358.500  8358.512  21019.051  8774.050  532.250  -573.600  0.000  0.000  415.000  382.000  321.000  286.000  171.000  295.000  315.000  1038.000  773.000  721.000  982.000  419.000  613.000  671.000 
 0.500  40.500  8359.000  8358.991  21104.051  8820.050  552.250  -575.600  0.000  0.000  385.000  357.000  302.000  266.000  163.000  270.000  303.000  1001.000  770.000  685.000  960.000  396.000  588.000  658.000 
 0.500  41.000  8359.500  8359.500  21153.051  8851.050  573.250  -576.600  0.000  0.000  392.000  399.000  315.000  274.000  149.000  262.000  322.000  1024.000  803.000  713.000  976.000  381.000  557.000  667.000 
 0.500  41.500  8360.000  8360.010  20821.051  8706.050  572.250  -576.600  0.000  0.000  387.000  362.000  302.000  245.000  171.000  278.000  330.000  972.000  763.000  662.000  919.000  400.000  577.000  645.000 
 1.000  42.500  8361.011  8360.999  43650.102  18352.100  1353.500  -1151.200  0.000  0.000  789.000  804.000  529.000  549.000  346.000  554.000  623.000  2153.000  1597.000  1319.000  1947.000  847.000  1161.000  1299.000 
 1.000  43.500  8361.668  8361.659  43641.043  18370.025  1392.425  -1153.260  0.000  0.000  717.000  783.000  565.000  557.000  314.000  540.000  628.000  2089.000  1573.000  1361.000  2041.000  791.000  1148.000  1361.000 
 1.000  44.500  8362.345  8362.349  43454.863  18302.805  1420.199  -1153.441  0.000  0.000  768.000  774.000  545.000  480.000  338.000  498.000  577.000  2267.000  1555.000  1337.000  1828.000  816.000  1099.000  1250.000 
 1.000  45.500  8363.040  8363.038  43554.570  18365.434  1476.823  -1156.742  0.000  0.000  727.000  758.000  560.000  499.000  303.000  573.000  581.000  2221.000  1512.000  1358.000  1897.000  755.000  1153.000  1288.000 
 1.000  46.501  8363.754  8363.759  43521.156  18367.916  1538.297  -1157.163  0.000  0.000  750.000  730.000  583.000  509.000  305.000  500.000  602.000  2192.000  1535.000  1381.000  1841.000  790.000  1214.000  1287.000 
 1.001  47.502  8364.487  8364.479  43592.625  18417.248  1615.621  -1158.705  0.000  0.000  737.000  726.000  563.000  516.000  312.000  540.000  569.000  2249.000  1460.000  1365.000  1930.000  827.000  1205.000  1254.000 
 1.001  48.503  8365.240  8365.229  43473.977  18382.434  1672.794  -1158.367  0.000  0.000  738.000  736.000  560.000  456.000  322.000  532.000  568.000  2288.000  1534.000  1356.000  1800.000  775.000  1118.000  1230.000 
 1.001  49.504  8366.012  8366.009  43455.211  18393.471  1726.817  -1161.149  0.000  0.000  685.000  757.000  504.000  484.000  295.000  507.000  550.000  2295.000  1565.000  1341.000  1894.000  746.000  1072.000  1276.000 
 1.002  50.506  8366.802  8366.790  43559.328  18460.361  1773.689  -1161.052  0.000  0.000  678.000  684.000  549.000  472.000  276.000  551.000  556.000  2227.000  1487.000  1377.000  1779.000  740.000  1120.000  1233.000 
 1.002  51.508  8367.611  8367.601  43455.324  18434.102  1790.411  -1162.075  0.000  0.000  669.000  697.000  538.000  482.000  298.000  489.000  556.000  2131.000  1498.000  1369.000  1804.000  729.000  1070.000  1249.000 
 1.003  52.511  8368.440  8368.441  43450.203  18453.695  1808.983  -1162.218  0.000  0.000  725.000  662.000  505.000  479.000  269.000  503.000  507.000  2208.000  1466.000  1266.000  1856.000  694.000  1132.000  1200.000 
 1.003  53.514  8369.288  8369.282  43645.965  18557.139  1840.404  -1163.482  0.000  0.000  664.000  657.000  514.000  453.000  309.000  494.000  521.000  2165.000  1494.000  1327.000  1818.000  779.000  1113.000  1189.000 
 1.004  54.518  8370.155  8370.153  43544.609  18535.436  1837.675  -1166.867  0.000  0.000  655.000  609.000  501.000  434.000  292.000  456.000  533.000  2146.000  1439.000  1303.000  1820.000  754.000  1053.000  1237.000 
 1.005  55.523  8371.041  8371.056  43458.137  18514.584  1817.796  -1166.371  0.000  0.000  644.000  687.000  496.000  455.000  248.000  458.000  480.000  2211.000  1489.000  1332.000  1845.000  709.000  1099.000  1143.000 
 1.006  56.529  8371.945  8371.957  43566.543  18586.586  1790.766  -1166.996  0.000  0.000  606.000  634.000  461.000  457.000  278.000  450.000  512.000  2218.000  1451.000  1228.000  1891.000  734.000  1038.000  1175.000 
 1.006  57.535  8372.869  8372.859  43686.832  18656.438  1740.586  -1159.741  0.000  0.000  620.000  639.000  500.000  433.000  272.000  449.000  489.000  2218.000  1420.000  1350.000  1881.000  748.000  1117.000  1183.000 
 1.007  58.542  8373.812  8373.821  43550.008  18623.143  1659.255  -1163.607  0.000  0.000  629.000  633.000  490.000  427.000  261.000  467.000  496.000  2187.000  1446.000  1322.000  1838.000  685.000  1093.000  1090.000 
 1.008  59.550  8374.774  8374.784  43994.059  18843.699  1602.775  -1166.593  0.000  0.000  633.000  639.000  463.000  497.000  272.000  435.000  483.000  2212.000  1414.000  1244.000  1875.000  714.000  1109.000  1186.000 
 1.009  60.560  8375.756  8375.747  43824.996  18788.105  1500.144  -1167.700  0.000  0.000  601.000  634.000  483.000  436.000  253.000  469.000  491.000  2198.000  1466.000  1299.000  1903.000  677.000  1095.000  1167.000 
 1.010  61.570  8376.756  8376.770  44031.816  18907.367  1409.362  -1167.927  0.000  0.000  624.000  614.000  470.000  413.000  274.000  490.000  468.000  2295.000  1414.000  1275.000  1830.000  747.000  1121.000  1131.000 
 1.011  62.581  8377.775  8377.764  43906.516  18868.479  1300.430  -1169.274  0.000  0.000  636.000  626.000  477.000  429.000  275.000  471.000  462.000  2295.000  1418.000  1288.000  1858.000  737.000  1070.000  1138.000 
 1.012  63.594  8378.813  8378.817  44063.098  18959.441  1201.348  -1172.741  0.000  0.000  630.000  590.000  442.000  452.000  272.000  435.000  473.000  2321.000  1399.000  1188.000  1822.000  741.000  1078.000  1143.000 
 1.014  64.607  8379.870  8379.871  44130.562  19017.258  1109.116  -1166.329  0.000  0.000  623.000  621.000  465.000  407.000  263.000  431.000  510.000  2225.000  1425.000  1202.000  1817.000  735.000  1088.000  1166.000 
 1.015  65.622  8380.946  8380.956  44384.910  19165.926  1059.733  -1167.037  0.000  0.000  609.000  638.000  464.000  450.000  290.000  470.000  514.000  2272.000  1430.000  1267.000  1766.000  758.000  1079.000  1209.000 
 1.016  66.639  8382.042  8382.040  44106.141  19055.445  1009.200  -1172.866  0.000  0.000  596.000  610.000  472.000  450.000  267.000  512.000  488.000  2144.000  1419.000  1248.000  1693.000  731.000  1104.000  1154.000 
 1.018  67.656  8383.156  8383.155  44142.250  19088.816  1012.516  -1172.815  0.000  0.000  662.000  662.000  528.000  459.000  290.000  481.000  506.000  2190.000  1456.000  1322.000  1633.000  768.000  1127.000  1183.000 
 1.019  68.675  8384.290  8384.302  44447.242  19250.039  1069.682  -1174.885  0.000  0.000  644.000  600.000  509.000  465.000  296.000  474.000  524.000  2144.000  1450.000  1295.000  1675.000  743.000  1125.000  1232.000 
 1.021  69.696  8385.442  8385.447  44581.117  19337.115  1155.698  -1175.074  0.000  0.000  665.000  663.000  500.000  500.000  275.000  497.000  481.000  2009.000  1492.000  1245.000  1762.000  728.000  1133.000  1102.000 
 1.022  70.718  8386.614  8386.624  44342.875  19245.041  1250.564  -1178.385  0.000  0.000  644.000  686.000  583.000  494.000  310.000  503.000  558.000  1990.000  1443.000  1337.000  1727.000  745.000  1120.000  1270.000 
 1.024  71.742  8387.805  8387.801  44684.516  19436.820  1399.279  -1180.815  0.000  0.000  685.000  715.000  514.000  462.000  299.000  507.000  540.000  2077.000  1575.000  1309.000  1612.000  758.000  1097.000  1189.000 
 1.025  72.767  8389.015  8389.008  44552.035  19388.451  1518.844  -1185.366  0.000  0.000  734.000  737.000  550.000  496.000  297.000  553.000  568.000  2121.000  1561.000  1354.000  1585.000  767.000  1194.000  1201.000 
 1.027  73.794  8390.243  8390.246  44536.438  19401.934  1638.258  -1188.037  0.000  0.000  691.000  749.000  571.000  474.000  344.000  511.000  581.000  2122.000  1592.000  1335.000  1622.000  807.000  1153.000  1249.000 
 1.029  74.823  8391.491  8391.484  44576.723  19445.268  1751.522  -1191.829  0.000  0.000  739.000  723.000  553.000  507.000  307.000  600.000  560.000  2332.000  1561.000  1375.000  1635.000  779.000  1250.000  1201.000 
 1.031  75.854  8392.758  8392.753  45164.891  19747.455  1889.636  -1194.741  0.000  0.000  755.000  813.000  545.000  531.000  328.000  543.000  579.000  2253.000  1628.000  1322.000  1680.000  784.000  1180.000  1252.000 
 1.033  76.887  8394.044  8394.053  44919.941  19659.492  1945.599  -1196.773  0.000  0.000  755.000  768.000  581.000  547.000  342.000  573.000  555.000  2393.000  1591.000  1365.000  1642.000  848.000  1270.000  1249.000 
 1.035  77.921  8395.349  8395.353  44891.875  19664.383  1982.412  -1198.926  0.000  0.000  747.000  766.000  541.000  519.000  337.000  567.000  565.000  2405.000  1623.000  1324.000  1632.000  796.000  1217.000  1270.000 
 1.037  78.958  8396.673  8396.684  44967.688  19729.125  1999.075  -1200.199  0.000  0.000  825.000  782.000  578.000  553.000  325.000  554.000  563.000  2693.000  1639.000  1423.000  1700.000  780.000  1220.000  1282.000 
 1.039  79.997  8398.016  8398.015  45130.383  19834.719  2007.587  -1203.592  0.000  0.000  762.000  816.000  575.000  504.000  314.000  567.000  587.000  2718.000  1678.000  1401.000  1590.000  819.000  1270.000  1319.000 
 1.041  81.038  8399.378  8399.376  45592.961  20079.166  2048.949  -1207.106  0.000  0.000  772.000  767.000  581.000  537.000  326.000  619.000  587.000  2752.000  1599.000  1468.000  1643.000  812.000  1275.000  1295.000 
 1.043  82.081  8400.759  8400.769  45401.422  20023.463  2057.161  -1209.740  0.000  0.000  786.000  764.000  602.000  507.000  334.000  524.000  619.000  2683.000  1659.000  1399.000  1595.000  826.000  1192.000  1321.000 
 1.045  83.126  8402.159  8402.161  45619.762  20150.613  2097.222  -1212.495  0.000  0.000  741.000  751.000  573.000  494.000  351.000  567.000  622.000  2420.000  1634.000  1406.000  1543.000  848.000  1250.000  1355.000 
 1.048  84.173  8403.578  8403.585  45656.988  20198.615  2117.133  -1213.370  0.000  0.000  737.000  756.000  619.000  524.000  330.000  582.000  617.000  2196.000  1635.000  1455.000  1625.000  819.000  1303.000  1312.000 
 1.050  85.223  8405.017  8405.010  45928.094  20355.469  2139.893  -1217.365  0.000  0.000  787.000  784.000  569.000  539.000  330.000  589.000  589.000  1967.000  1657.000  1423.000  1594.000  767.000  1263.000  1301.000 
 1.052  86.275  8406.474  8406.464  46041.082  20442.174  2121.504  -1221.481  0.000  0.000  822.000  725.000  585.000  518.000  314.000  574.000  624.000  1879.000  1559.000  1400.000  1633.000  799.000  1254.000  1337.000 
 1.055  87.330  8407.950  8407.950  46031.953  20466.730  2073.963  -1225.717  0.000  0.000  767.000  744.000  548.000  522.000  351.000  516.000  569.000  1726.000  1543.000  1374.000  1634.000  850.000  1205.000  1259.000 
 1.057  88.387  8409.445  8409.437  46260.707  20609.139  2045.273  -1226.073  0.000  0.000  765.000  747.000  574.000  552.000  315.000  600.000  642.000  1736.000  1542.000  1452.000  1654.000  787.000  1252.000  1282.000 
 1.060  89.447  8410.960  8410.954  46373.340  20702.400  2016.432  -1225.550  0.000  0.000  791.000  774.000  598.000  548.000  317.000  575.000  634.000  1775.000  1614.000  1402.000  1664.000  831.000  1214.000  1398.000 
 1.062  90.510  8412.493  8412.502  46366.855  20732.514  1982.441  -1230.147  0.000  0.000  832.000  733.000  615.000  525.000  331.000  564.000  661.000  1766.000  1531.000  1437.000  1627.000  792.000  1232.000  1395.000 
 1.065  91.575  8414.046  8414.051  46441.254  20807.479  1941.299  -1234.865  0.000  0.000  837.000  721.000  624.000  499.000  369.000  601.000  636.000  1737.000  1597.000  1461.000  1534.000  867.000  1279.000  1357.000 
 1.068  92.643  8415.618  8415.631  46606.535  20926.295  1890.008  -1236.703  0.000  0.000  780.000  705.000  591.000  524.000  335.000  608.000  660.000  1681.000  1495.000  1409.000  1579.000  820.000  1315.000  1409.000 
 1.071  93.713  8417.208  8417.211  46918.699  21118.963  1837.565  -1240.661  0.000  0.000  796.000  740.000  635.000  547.000  325.000  614.000  643.000  1724.000  1584.000  1468.000  1495.000  773.000  1325.000  1338.000 
 1.074  94.787  8418.818  8418.822  46911.742  21152.484  1763.973  -1243.739  0.000  0.000  799.000  732.000  590.000  537.000  353.000  586.000  627.000  1708.000  1565.000  1460.000  1504.000  867.000  1320.000  1344.000 
 1.076  95.863  8420.447  8420.435  46815.672  21143.857  1692.230  -1246.938  0.000  0.000  775.000  696.000  580.000  559.000  329.000  593.000  629.000  1685.000  1585.000  1405.000  1498.000  840.000  1331.000  1308.000 
 1.079  96.943  8422.095  8422.108  47129.480  21338.080  1646.337  -1250.258  0.000  0.000  735.000  706.000  621.000  505.000  321.000  539.000  623.000  1614.000  1560.000  1526.000  1407.000  836.000  1289.000  1320.000 
 1.082  98.025  8423.762  8423.752  47100.172  21359.156  1565.293  -1255.697  0.000  0.000  805.000  674.000  623.000  538.000  337.000  615.000  616.000  1755.000  1518.000  1494.000  1456.000  879.000  1331.000  1318.000 
 1.086  99.111  8425.447  8425.457  47450.746  21576.086  1499.099  -1258.257  0.000  0.000  763.000  694.000  655.000  522.000  340.000  527.000  633.000  1687.000  1528.000  1533.000  1416.000  867.000  1252.000  1345.000 
 1.089  100.199  8427.152  8427.163  47720.199  21757.865  1423.755  -1264.938  0.000  0.000  790.000  688.000  631.000  564.000  350.000  585.000  622.000  1715.000  1582.000  1512.000  1415.000  867.000  1369.000  1355.000 
 1.092  101.291  8428.877  8428.870  47524.539  21705.496  1328.260  -1266.739  0.000  0.000  779.000  716.000  583.000  533.000  344.000  603.000  637.000  1698.000  1549.000  1453.000  1398.000  838.000  1355.000  1365.000 
 1.095  102.386  8430.620  8430.608  48115.758  22041.980  1311.615  -1270.660  0.000  0.000  770.000  717.000  583.000  512.000  341.000  522.000  633.000  1706.000  1595.000  1471.000  1382.000  868.000  1278.000  1389.000 
 1.098  103.485  8432.382  8432.377  48087.859  22075.316  1279.820  -1235.702  0.000  0.000  736.000  705.000  574.000  528.000  361.000  592.000  637.000  1640.000  1569.000  1490.000  1382.000  859.000  1400.000  1439.000 
 1.102  104.586  8434.163  8434.178  48333.844  22245.504  1333.874  -1245.863  0.000  0.000  800.000  697.000  637.000  519.000  350.000  561.000  605.000  1748.000  1620.000  1558.000  1416.000  866.000  1364.000  1368.000 
 1.105  105.692  8435.963  8435.948  48603.707  22419.543  1420.778  -1246.146  0.000  0.000  781.000  714.000  541.000  503.000  315.000  517.000  644.000  1745.000  1653.000  1463.000  1398.000  820.000  1436.000  1382.000 
 1.109  106.800  8437.782  8437.781  48366.457  22350.434  1514.532  -1254.548  0.000  0.000  752.000  672.000  590.000  526.000  330.000  566.000  593.000  1711.000  1594.000  1427.000  1396.000  843.000  1392.000  1367.000 
 1.112  107.912  8439.621  8439.615  48756.086  22584.178  1659.135  -1260.071  0.000  0.000  765.000  678.000  579.000  524.000  333.000  603.000  604.000  1748.000  1550.000  1463.000  1327.000  864.000  1421.000  1360.000 
 1.116  109.028  8441.479  8441.479  49019.598  22758.773  1808.588  -1271.715  0.000  0.000  803.000  717.000  569.000  575.000  342.000  571.000  624.000  1774.000  1649.000  1500.000  1445.000  800.000  1351.000  1341.000 
 1.119  110.148  8443.354  8443.346  49079.992  22836.221  1950.891  -1277.479  0.000  0.000  804.000  741.000  559.000  513.000  336.000  613.000  580.000  1853.000  1652.000  1490.000  1387.000  789.000  1386.000  1375.000 
 1.123  111.271  8445.250  8445.242  49024.270  22849.520  2073.043  -1284.363  0.000  0.000  824.000  691.000  561.000  540.000  361.000  581.000  597.000  1817.000  1597.000  1442.000  1429.000  918.000  1416.000  1369.000 
 1.127  112.398  8447.165  8447.171  49520.426  23148.670  2205.045  -1285.367  0.000  0.000  805.000  709.000  601.000  504.000  333.000  590.000  632.000  1801.000  1692.000  1507.000  1369.000  871.000  1358.000  1448.000 
 1.131  113.528  8449.099  8449.101  49643.469  23257.672  2304.896  -1286.492  0.000  0.000  805.000  691.000  618.000  533.000  339.000  591.000  618.000  1813.000  1610.000  1565.000  1446.000  849.000  1349.000  1393.000 
 1.135  114.663  8451.051  8451.062  49607.391  23278.527  2430.597  -1290.737  0.000  0.000  801.000  729.000  606.000  531.000  377.000  558.000  563.000  1795.000  1649.000  1543.000  1405.000  892.000  1313.000  1315.000 
 1.139  115.801  8453.022  8453.024  49846.195  23450.232  2615.148  -1296.103  0.000  0.000  834.000  763.000  597.000  570.000  354.000  631.000  627.000  1851.000  1691.000  1534.000  1396.000  834.000  1427.000  1393.000 
 1.142  116.944  8455.014  8455.018  50269.879  23714.791  2823.549  -1301.589  0.000  0.000  789.000  678.000  607.000  543.000  321.000  609.000  652.000  1749.000  1619.000  1547.000  1461.000  865.000  1372.000  1496.000 
 1.147  118.090  8457.023  8457.013  50520.449  23889.201  2984.799  -1305.195  0.000  0.000  813.000  762.000  634.000  496.000  353.000  574.000  665.000  1827.000  1663.000  1567.000  1370.000  931.000  1402.000  1452.000 
 1.151  119.241  8459.052  8459.039  50642.898  24005.463  3072.899  -1309.922  0.000  0.000  810.000  701.000  628.000  531.000  352.000  601.000  674.000  1834.000  1610.000  1653.000  1440.000  865.000  1398.000  1486.000 
 1.155  120.396  8461.100  8461.097  50461.234  23966.578  3059.848  -1310.769  0.000  0.000  810.000  737.000  608.000  566.000  384.000  609.000  630.000  1856.000  1667.000  1530.000  1491.000  933.000  1360.000  1477.000 
 1.159  121.555  8463.167  8463.156  50772.449  24171.543  3028.647  -1303.737  0.000  0.000  823.000  768.000  622.000  564.000  367.000  629.000  602.000  1872.000  1715.000  1568.000  1516.000  915.000  1383.000  1425.000 
 1.163  122.718  8465.253  8465.247  50824.543  24251.361  2933.296  -1317.824  0.000  0.000  834.000  783.000  688.000  567.000  349.000  565.000  691.000  1874.000  1724.000  1648.000  1485.000  910.000  1361.000  1480.000 
 1.168  123.886  8467.357  8467.369  51295.523  24531.031  2851.794  -1327.033  0.000  0.000  815.000  757.000  638.000  546.000  350.000  635.000  621.000  1886.000  1711.000  1608.000  1498.000  905.000  1445.000  1432.000 
 1.172  125.058  8469.481  8469.493  51604.387  24740.553  2743.142  -1332.361  0.000  0.000  835.000  764.000  643.000  562.000  351.000  592.000  685.000  1830.000  1696.000  1653.000  1544.000  902.000  1434.000  1475.000 
 1.176  126.234  8471.625  8471.618  51441.129  24713.926  2603.340  -1338.810  0.000  0.000  872.000  780.000  631.000  570.000  349.000  667.000  606.000  1886.000  1726.000  1591.000  1540.000  910.000  1439.000  1439.000 
 1.181  127.415  8473.787  8473.775  51869.754  24993.150  2559.387  -1343.380  0.000  0.000  875.000  724.000  623.000  633.000  346.000  630.000  661.000  1977.000  1730.000  1623.000  1576.000  941.000  1452.000  1493.000 
 1.185  128.600  8475.968  8475.964  51831.262  25033.229  2534.284  -1352.069  0.000  0.000  853.000  796.000  641.000  562.000  361.000  612.000  642.000  1907.000  1740.000  1628.000  1486.000  941.000  1434.000  1463.000 
 1.190  129.790  8478.169  8478.154  52190.652  25268.158  2583.031  -1345.879  0.000  0.000  832.000  779.000  653.000  616.000  366.000  615.000  664.000  1872.000  1736.000  1690.000  1559.000  954.000  1410.000  1515.000 
 1.195  130.985  8480.388  8480.376  52744.922  25609.939  2678.627  -1353.810  0.000  0.000  870.000  799.000  713.000  616.000  377.000  659.000  724.000  1954.000  1801.000  1694.000  1599.000  963.000  1503.000  1615.000 
 1.199  132.185  8482.626  8482.630  52712.074  25643.572  2691.073  -1359.860  0.000  0.000  895.000  812.000  633.000  555.000  401.000  632.000  667.000  1961.000  1821.000  1718.000  1553.000  961.000  1488.000  1574.000 
 1.204  133.389  8484.884  8484.885  53178.109  25952.057  2663.369  -1369.031  0.000  0.000  912.000  843.000  661.000  629.000  393.000  646.000  699.000  2012.000  1801.000  1692.000  1577.000  982.000  1522.000  1592.000 
 1.209  134.598  8487.160  8487.173  53327.027  26093.393  2491.514  -1376.323  0.000  0.000  899.000  813.000  706.000  584.000  347.000  709.000  658.000  2028.000  1839.000  1719.000  1538.000  953.000  1583.000  1500.000 
 1.214  135.812  8489.456  8489.461  53176.828  26061.582  2235.509  -1375.735  0.000  0.000  888.000  788.000  715.000  651.000  404.000  621.000  698.000  1937.000  1810.000  1752.000  1600.000  951.000  1462.000  1508.000 
 1.219  137.031  8491.771  8491.782  53703.512  26401.621  2055.354  -1382.267  0.000  0.000  917.000  821.000  664.000  622.000  390.000  670.000  682.000  2021.000  1835.000  1700.000  1621.000  1020.000  1534.000  1523.000 
 1.224  138.255  8494.104  8494.104  54065.074  26655.514  1938.048  -1385.920  0.000  0.000  882.000  838.000  720.000  624.000  384.000  615.000  771.000  2021.000  1852.000  1756.000  1665.000  950.000  1455.000  1670.000 
 1.229  139.484  8496.456  8496.459  54158.520  26771.258  1869.592  -1390.693  0.000  0.000  848.000  816.000  676.000  643.000  410.000  663.000  708.000  1931.000  1863.000  1752.000  1719.000  1026.000  1571.000  1609.000 
 1.234  140.718  8498.828  8498.815  54173.848  26850.855  1840.985  -1396.586  0.000  0.000  902.000  858.000  702.000  605.000  393.000  672.000  701.000  2061.000  1896.000  1744.000  1624.000  1020.000  1640.000  1569.000 
 1.239  141.957  8501.219  8501.234  54312.059  27001.303  1854.229  -1400.600  0.000  0.000  887.000  835.000  696.000  609.000  390.000  714.000  747.000  1999.000  1863.000  1811.000  1649.000  1000.000  1633.000  1634.000 
 1.244  143.201  8503.629  8503.624  55018.152  27443.604  1946.322  -1406.734  0.000  0.000  953.000  792.000  652.000  633.000  376.000  679.000  670.000  2119.000  1861.000  1714.000  1747.000  965.000  1725.000  1527.000 
 1.250  144.451  8506.058  8506.046  55060.125  27538.754  2060.264  -1411.988  0.000  0.000  875.000  878.000  704.000  678.000  407.000  651.000  684.000  1984.000  1900.000  1803.000  1810.000  1015.000  1736.000  1606.000 
 1.255  145.706  8508.506  8508.501  55479.984  27845.758  2274.056  -1420.363  0.000  0.000  936.000  899.000  688.000  663.000  409.000  663.000  714.000  2067.000  2004.000  1810.000  1925.000  1043.000  1985.000  1644.000 
 1.261  146.967  8510.973  8510.988  55488.723  27930.613  2526.698  -1423.859  0.000  0.000  945.000  880.000  671.000  637.000  375.000  677.000  706.000  2141.000  1998.000  1806.000  1906.000  1035.000  2211.000  1666.000 
 1.266  148.233  8513.459  8513.445  55572.344  28050.320  2852.189  -1434.474  0.000  0.000  914.000  857.000  682.000  647.000  405.000  635.000  692.000  2041.000  1979.000  1755.000  1884.000  1063.000  2302.000  1608.000 
 1.271  149.504  8515.964  8515.967  56034.844  28363.881  3268.531  -1420.210  0.000  0.000  918.000  863.000  670.000  645.000  407.000  656.000  717.000  2130.000  2072.000  1807.000  1886.000  1023.000  2465.000  1716.000 
 1.277  150.781  8518.488  8518.489  56441.230  28643.291  3689.721  -1375.066  0.000  0.000  971.000  860.000  719.000  635.000  412.000  694.000  751.000  2166.000  2068.000  1861.000  1827.000  1075.000  2559.000  1713.000 
 1.283  152.064  8521.031  8521.045  56413.496  28713.555  4045.762  -1429.043  0.000  0.000  902.000  932.000  681.000  615.000  430.000  656.000  726.000  2193.000  2162.000  1829.000  1780.000  1110.000  2854.000  1701.000 
 1.288  153.352  8523.593  8523.603  56830.645  29006.670  4299.652  -1446.140  0.000  0.000  914.000  951.000  704.000  618.000  381.000  699.000  712.000  2118.000  2186.000  1866.000  1827.000  1021.000  3199.000  1705.000 
 1.294  154.646  8526.175  8526.161  56899.676  29125.637  4334.392  -1462.357  0.000  0.000  900.000  920.000  700.000  627.000  398.000  710.000  716.000  2155.000  2242.000  1869.000  1873.000  1094.000  3355.000  1727.000 
 1.300  155.946  8528.774  8528.783  57470.590  29519.455  4262.981  -1474.695  0.000  0.000  949.000  938.000  693.000  661.000  397.000  683.000  751.000  2190.000  2190.000  1848.000  1881.000  1068.000  3586.000  1708.000 
 1.306  157.252  8531.395  8531.408  57867.383  29825.127  4064.420  -1447.153  0.000  0.000  901.000  876.000  713.000  608.000  436.000  684.000  718.000  2184.000  2207.000  1930.000  1778.000  1081.000  3914.000  1785.000 
 1.312  158.564  8534.032  8534.034  58116.062  30055.648  3846.708  -1489.732  0.000  0.000  985.000  953.000  734.000  681.000  408.000  699.000  751.000  2288.000  2259.000  2008.000  1812.000  1105.000  4106.000  1766.000 
 1.318  159.881  8536.690  8536.693  58863.621  30554.023  3701.847  -1503.431  0.000  0.000  946.000  1037.000  740.000  646.000  395.000  699.000  799.000  2262.000  2362.000  1942.000  1815.000  1087.000  4009.000  1870.000 
 1.324  161.205  8539.366  8539.354  59069.062  30742.250  3549.835  -1507.250  0.000  0.000  956.000  958.000  731.000  660.000  457.000  684.000  776.000  2224.000  2273.000  1979.000  1902.000  1147.000  3771.000  1834.000 
 1.330  162.534  8542.062  8542.048  59589.387  31108.328  3497.672  -1521.190  0.000  0.000  984.000  979.000  774.000  651.000  395.000  686.000  803.000  2265.000  2294.000  2009.000  1876.000  1105.000  3595.000  1902.000 
 1.336  163.870  8544.777  8544.774  59604.594  31202.258  3471.360  -1528.250  0.000  0.000  952.000  931.000  780.000  650.000  442.000  706.000  762.000  2233.000  2317.000  2045.000  1898.000  1131.000  3588.000  1832.000 
 1.342  165.212  8547.511  8547.503  60254.680  31646.041  3551.896  -1516.430  0.000  0.000  1029.000  946.000  778.000  704.000  420.000  735.000  802.000  2306.000  2301.000  2074.000  2036.000  1097.000  3621.000  1914.000 
 1.348  166.561  8550.264  8550.265  60631.648  31946.674  3642.283  -1523.731  0.000  0.000  1005.000  993.000  795.000  694.000  433.000  759.000  795.000  2354.000  2289.000  2067.000  2004.000  1148.000  3946.000  1871.000 
 1.355  167.915  8553.035  8553.028  60749.500  32095.160  3715.519  -1533.152  0.000  0.000  988.000  1009.000  792.000  672.000  403.000  773.000  725.000  2340.000  2482.000  2138.000  1969.000  1135.000  4097.000  1864.000 
 1.361  169.276  8555.826  8555.825  61028.234  32337.498  3805.605  -1530.693  0.000  0.000  998.000  1006.000  755.000  659.000  425.000  734.000  800.000  2362.000  2422.000  2105.000  1980.000  1177.000  4091.000  1903.000 
 1.367  170.643  8558.636  8558.624  61235.852  32545.688  3924.541  -1528.355  0.000  0.000  1024.000  983.000  806.000  651.000  446.000  745.000  769.000  2364.000  2406.000  2154.000  2078.000  1178.000  4334.000  1907.000 
 1.374  172.017  8561.465  8561.457  61683.348  32903.730  4072.326  -1547.137  0.000  0.000  958.000  1033.000  778.000  727.000  435.000  750.000  806.000  2350.000  2515.000  2308.000  2143.000  1188.000  4464.000  1900.000 
 1.380  173.398  8564.312  8564.322  62055.730  33204.621  4151.961  -1572.040  0.000  0.000  989.000  977.000  798.000  714.000  430.000  716.000  792.000  2453.000  2473.000  2510.000  2149.000  1230.000  5041.000  1935.000 
 1.387  174.785  8567.180  8567.189  62126.992  33333.367  4067.445  -1574.063  0.000  0.000  988.000  1017.000  741.000  744.000  439.000  700.000  783.000  2371.000  2516.000  2434.000  2139.000  1250.000  5252.000  1888.000 
 1.394  176.178  8570.065  8570.060  62584.137  33682.965  3915.780  -1565.206  0.000  0.000  1011.000  1111.000  831.000  691.000  466.000  729.000  798.000  2432.000  2607.000  2630.000  2106.000  1256.000  5659.000  2002.000 
 1.400  177.578  8572.971  8572.963  62999.164  34017.414  3747.963  -1580.470  0.000  0.000  1074.000  1080.000  745.000  702.000  428.000  741.000  822.000  2508.000  2584.000  2640.000  2214.000  1248.000  5759.000  2017.000 
 1.407  178.985  8575.896  8575.899  63197.070  34235.715  3607.997  -1586.854  0.000  0.000  1107.000  1026.000  792.000  687.000  427.000  720.000  788.000  2613.000  2551.000  2702.000  2213.000  1228.000  5744.000  2006.000 
 1.414  180.399  8578.838  8578.838  63407.859  34455.867  3521.880  -1576.358  0.000  0.000  1066.000  1063.000  805.000  710.000  433.000  775.000  818.000  2572.000  2553.000  2799.000  2257.000  1290.000  6054.000  2067.000 
 1.421  181.820  8581.801  8581.811  63840.535  34798.871  3508.613  -1560.983  0.000  0.000  1086.000  1054.000  816.000  764.000  455.000  812.000  856.000  2649.000  2639.000  2946.000  2245.000  1285.000  6138.000  2090.000 
 1.428  183.248  8584.782  8584.785  64104.090  35057.730  3553.195  -1601.728  0.000  0.000  1031.000  1039.000  801.000  761.000  465.000  738.000  829.000  2554.000  2585.000  3046.000  2273.000  1305.000  6473.000  2072.000 
 1.435  184.682  8587.782  8587.793  63879.523  35021.438  3617.627  -1599.594  0.000  0.000  1129.000  1046.000  805.000  674.000  491.000  755.000  828.000  2693.000  2582.000  3110.000  2192.000  1331.000  6801.000  2053.000 
 1.442  186.124  8590.802  8590.804  63653.844  34986.000  3753.909  -1593.580  0.000  0.000  1004.000  1034.000  751.000  771.000  463.000  802.000  818.000  2593.000  2570.000  2969.000  2301.000  1319.000  7144.000  2136.000 
 1.449  187.573  8593.840  8593.849  60811.047  33453.410  3732.040  -1629.686  0.000  0.000  1040.000  965.000  786.000  670.000  421.000  744.000  745.000  2527.000  2546.000  3055.000  2256.000  1228.000  7240.000  1965.000 
 1.456  189.029  8596.897  8596.896  63644.129  35235.676  4298.021  -1635.912  0.000  0.000  1097.000  1030.000  822.000  747.000  438.000  795.000  867.000  2761.000  2737.000  3388.000  2459.000  1323.000  8251.000  2229.000 
 1.463  190.492  8599.975  8599.976  67135.094  37342.793  4936.852  -1620.260  0.000  0.000  1176.000  1082.000  865.000  694.000  483.000  800.000  891.000  2920.000  2769.000  3566.000  2453.000  1468.000  8721.000  2289.000 
 1.470  191.962  8603.070  8603.059  66943.938  37368.758  5193.532  -1693.727  0.000  0.000  1186.000  1115.000  805.000  775.000  490.000  837.000  902.000  2827.000  2808.000  3457.000  2522.000  1468.000  8932.000  2296.000 
 1.478  193.440  8606.185  8606.176  66991.672  37521.578  5375.062  -1688.315  0.000  0.000  1122.000  1160.000  830.000  754.000  515.000  794.000  883.000  2751.000  2846.000  3454.000  2543.000  1497.000  8770.000  2224.000 
 1.485  194.925  8609.318  8609.327  65388.281  36668.250  5275.442  -1676.023  0.000  0.000  1072.000  1090.000  821.000  735.000  443.000  794.000  801.000  2739.000  2706.000  3545.000  2537.000  1369.000  8218.000  2181.000 
 1.493  196.417  8612.471  8612.480  64018.773  36020.773  5141.671  -1673.851  0.000  0.000  1109.000  1049.000  805.000  676.000  470.000  769.000  808.000  2737.000  2641.000  3385.000  2386.000  1385.000  6900.000  2127.000 
 1.500  197.917  8615.643  8615.637  65282.148  36896.148  5289.750  -1693.800  0.000  0.000  1061.000  1084.000  807.000  746.000  451.000  814.000  837.000  2701.000  2742.000  3478.000  2496.000  1344.000  4880.000  2175.000 
 1.508  199.425  8618.834  8618.827  62395.406  35284.379  4965.679  -1688.869  0.000  0.000  992.000  1029.000  782.000  689.000  432.000  747.000  800.000  2578.000  2598.000  3560.000  2382.000  1287.000  3147.000  2046.000 
 1.515  200.940  8622.044  8622.052  70049.547  39924.457  5850.457  -1692.059  0.000  0.000  1177.000  1090.000  823.000  770.000  499.000  848.000  923.000  2811.000  2650.000  3611.000  2531.000  1369.000  2651.000  2212.000 
 1.523  202.463  8625.272  8625.278  72108.570  41322.387  6122.084  -1711.369  0.000  0.000  1230.000  1180.000  925.000  839.000  543.000  906.000  939.000  2900.000  2844.000  3646.000  2915.000  1451.000  2437.000  2289.000 
 1.531  203.993  8628.521  8628.508  70535.477  40518.172  5967.562  -1727.799  0.000  0.000  1201.000  1159.000  836.000  790.000  517.000  874.000  899.000  2944.000  2771.000  3621.000  2906.000  1443.000  2263.000  2210.000 
 1.538  205.532  8631.788  8631.772  67605.258  38892.805  5627.890  -1759.350  0.000  0.000  1173.000  1088.000  854.000  716.000  504.000  831.000  884.000  2774.000  2715.000  3338.000  3003.000  1338.000  2108.000  2171.000 
 1.546  207.078  8635.074  8635.071  69609.930  40203.293  5811.066  -1753.021  0.000  0.000  1079.000  1088.000  882.000  769.000  500.000  866.000  898.000  2750.000  2754.000  3298.000  3199.000  1424.000  2215.000  2180.000 
 1.554  208.632  8638.379  8638.372  70124.477  40677.633  5814.093  -1755.812  0.000  0.000  1165.000  1059.000  874.000  836.000  508.000  848.000  889.000  2840.000  2852.000  3095.000  3347.000  1341.000  2178.000  2191.000 
 1.562  210.194  8641.703  8641.708  70060.906  40784.824  5735.969  -1750.724  0.000  0.000  1149.000  1112.000  903.000  765.000  483.000  786.000  903.000  2799.000  2814.000  3018.000  3244.000  1372.000  2137.000  2266.000 
 1.570  211.764  8645.047  8645.047  66875.227  38991.863  5329.695  -1757.756  0.000  0.000  1183.000  1038.000  802.000  774.000  466.000  807.000  841.000  2866.000  2678.000  2804.000  3164.000  1393.000  2111.000  2185.000 
 1.578  213.342  8648.409  8648.420  70978.422  41496.758  5741.270  -1761.909  0.000  0.000  1187.000  1133.000  856.000  782.000  509.000  857.000  929.000  2910.000  2838.000  2886.000  3325.000  1428.000  2193.000  2432.000 
 1.586  214.928  8651.790  8651.796  74041.500  43600.508  6086.695  -1771.182  0.000  0.000  1199.000  1172.000  976.000  803.000  528.000  878.000  990.000  2995.000  2885.000  2862.000  3325.000  1487.000  2308.000  2498.000 
 1.594  216.522  8655.190  8655.175  74000.461  43716.105  6072.970  -1782.575  0.000  0.000  1169.000  1175.000  950.000  814.000  479.000  866.000  949.000  2988.000  2918.000  2702.000  3313.000  1460.000  2220.000  2347.000 
 1.603  218.125  8658.610  8658.621  73886.297  43770.555  5996.095  -1694.088  0.000  0.000  1252.000  1166.000  932.000  818.000  539.000  891.000  960.000  3026.000  2913.000  2726.000  3286.000  1482.000  2249.000  2450.000 
 1.611  219.735  8662.049  8662.037  74013.023  44011.855  6005.068  -1777.722  0.000  0.000  1231.000  1241.000  948.000  868.000  480.000  883.000  963.000  3067.000  3003.000  2663.000  3326.000  1434.000  2318.000  2444.000 
 1.619  221.355  8665.506  8665.521  74466.633  44456.012  6010.892  -1809.477  0.000  0.000  1253.000  1167.000  869.000  825.000  531.000  885.000  976.000  3070.000  2927.000  2631.000  3263.000  1494.000  2273.000  2458.000 
 1.628  222.982  8668.983  8668.976  75006.117  44951.016  6041.565  -1835.352  0.000  0.000  1276.000  1189.000  926.000  827.000  543.000  877.000  959.000  3169.000  2959.000  2658.000  3251.000  1505.000  2309.000  2455.000 
 1.636  224.618  8672.479  8672.465  75189.492  45231.875  6087.089  -1846.347  0.000  0.000  1290.000  1186.000  955.000  848.000  518.000  931.000  892.000  3188.000  3033.000  2724.000  3264.000  1454.000  2431.000  2428.000 
 1.644  226.263  8675.993  8675.990  75462.742  45570.582  6208.461  -1860.462  0.000  0.000  1248.000  1189.000  915.000  854.000  589.000  962.000  983.000  3221.000  2956.000  2629.000  3265.000  1624.000  2431.000  2473.000 
 1.653  227.916  8679.527  8679.518  75956.883  46038.145  6406.684  -1871.698  0.000  0.000  1199.000  1217.000  900.000  896.000  529.000  865.000  930.000  3128.000  2987.000  2698.000  3119.000  1523.000  2270.000  2461.000 
 1.662  229.577  8683.080  8683.081  76295.898  46433.559  6630.756  -1881.054  0.000  0.000  1240.000  1154.000  956.000  846.000  542.000  943.000  969.000  3183.000  2950.000  2730.000  3113.000  1560.000  2453.000  2536.000 
 1.670  231.248  8686.651  8686.647  76648.797  46817.824  6877.677  -1895.531  0.000  0.000  1262.000  1165.000  924.000  828.000  527.000  931.000  1003.000  3195.000  2962.000  2723.000  2934.000  1577.000  2418.000  2650.000 
 1.679  232.927  8690.243  8690.249  77416.578  47487.941  7155.449  -1884.128  0.000  0.000  1230.000  1165.000  1003.000  880.000  547.000  940.000  1038.000  3183.000  2982.000  2743.000  2938.000  1569.000  2397.000  2593.000 
 1.688  234.615  8693.853  8693.854  77751.242  47853.910  7306.069  -1824.845  0.000  0.000  1302.000  1202.000  966.000  886.000  564.000  1012.000  1034.000  3260.000  3023.000  2827.000  2863.000  1650.000  2457.000  2670.000 
 1.697  236.311  8697.481  8697.493  78257.789  48360.730  7454.540  -1910.683  0.000  0.000  1239.000  1158.000  1006.000  918.000  535.000  937.000  1012.000  3239.000  3044.000  2925.000  2804.000  1650.000  2552.000  2669.000 
 1.706  238.017  8701.130  8701.137  78175.211  48464.402  7442.860  -1890.641  0.000  0.000  1272.000  1224.000  976.000  887.000  576.000  914.000  1045.000  3218.000  3011.000  2857.000  2755.000  1573.000  2442.000  2687.000 
 1.715  239.732  8704.797  8704.783  78597.523  48885.930  7503.030  -1810.719  0.000  0.000  1310.000  1199.000  1013.000  894.000  552.000  940.000  1022.000  3286.000  2980.000  2899.000  2726.000  1692.000  2530.000  2626.000 
 1.724  241.455  8708.483  8708.498  79240.711  49490.305  7743.050  -1941.918  0.000  0.000  1329.000  1209.000  954.000  899.000  597.000  948.000  970.000  3389.000  3029.000  2817.000  2758.000  1835.000  2468.000  2680.000 
 1.733  243.188  8712.188  8712.184  79687.789  49950.535  7993.919  -1953.237  0.000  0.000  1324.000  1182.000  948.000  878.000  583.000  970.000  1064.000  3375.000  3064.000  2825.000  2739.000  2561.000  2592.000  2769.000 
 1.742  244.930  8715.913  8715.905  79964.742  50303.613  8240.638  -1978.677  0.000  0.000  1390.000  1206.000  942.000  942.000  540.000  884.000  970.000  3541.000  3180.000  2907.000  2756.000  3404.000  2535.000  2709.000 
 1.751  246.681  8719.656  8719.662  80655.578  50921.547  8466.206  -1999.237  0.000  0.000  1312.000  1252.000  991.000  906.000  559.000  953.000  1069.000  3463.000  3248.000  2980.000  2748.000  3679.000  2542.000  2847.000 
 1.760  248.441  8723.418  8723.423  81082.305  51382.332  8560.624  -1986.917  0.000  0.000  1343.000  1247.000  1002.000  920.000  554.000  963.000  1037.000  3464.000  3247.000  3063.000  2858.000  3285.000  2596.000  2784.000 
 1.770  250.211  8727.200  8727.188  81285.906  51713.965  8635.893  -2010.717  0.000  0.000  1382.000  1262.000  1078.000  947.000  591.000  1019.000  1065.000  3506.000  3273.000  3151.000  2887.000  3173.000  2707.000  2809.000 
 1.779  251.989  8731.000  8730.987  81562.391  52084.453  8705.010  -1994.638  0.000  0.000  1310.000  1234.000  1041.000  946.000  583.000  980.000  1014.000  3442.000  3214.000  3074.000  2895.000  3146.000  2628.000  2778.000 
 1.788  253.778  8734.819  8734.823  82471.758  52874.793  8846.977  -2020.680  0.000  0.000  1351.000  1287.000  984.000  900.000  578.000  965.000  1036.000  3600.000  3370.000  3092.000  2865.000  3076.000  2593.000  2726.000 
 1.798  255.576  8738.658  8738.663  82503.000  53086.984  8860.794  -2021.842  0.000  0.000  1391.000  1201.000  1012.000  939.000  643.000  1040.000  1087.000  3624.000  3263.000  3025.000  2873.000  3009.000  2825.000  2860.000 
 1.807  257.383  8742.516  8742.506  82896.133  53528.031  8910.460  -2022.124  0.000  0.000  1354.000  1291.000  1042.000  946.000  591.000  1010.000  1066.000  3582.000  3356.000  3204.000  2995.000  2801.000  2683.000  2751.000 
 1.817  259.200  8746.393  8746.386  83619.148  54201.926  9013.977  -2035.526  0.000  0.000  1376.000  1244.000  1075.000  921.000  569.000  947.000  1092.000  3631.000  3347.000  3214.000  2988.000  2913.000  2605.000  2872.000 
 1.827  261.026  8750.288  8750.302  84077.039  54674.672  9059.342  -2026.049  0.000  0.000  1428.000  1284.000  1049.000  985.000  572.000  1045.000  1130.000  3770.000  3353.000  3084.000  3024.000  3064.000  2733.000  2941.000 
 1.836  262.863  8754.203  8754.188  84350.812  55041.273  9092.558  -2054.692  0.000  0.000  1435.000  1298.000  1028.000  960.000  592.000  1009.000  1101.000  3729.000  3403.000  3332.000  2985.000  2821.000  2747.000  2884.000 
 1.846  264.709  8758.137  8758.145  84899.477  55615.723  9158.622  -2055.456  0.000  0.000  1380.000  1259.000  1045.000  992.000  609.000  1008.000  1140.000  3734.000  3407.000  3491.000  3097.000  2885.000  2713.000  3000.000 
 1.856  266.564  8762.090  8762.104  85324.016  56128.027  9237.537  -2080.340  0.000  0.000  1456.000  1280.000  1068.000  945.000  571.000  1027.000  1073.000  3819.000  3476.000  3572.000  3028.000  2887.000  2904.000  2980.000 
 1.866  268.430  8766.062  8766.068  86117.438  56892.180  9354.301  -2079.344  0.000  0.000  1412.000  1313.000  1058.000  908.000  616.000  1081.000  1157.000  3786.000  3526.000  3701.000  3017.000  3325.000  2831.000  3087.000 
 1.876  270.306  8770.053  8770.068  86258.742  57212.188  9385.915  -2104.469  0.000  0.000  1432.000  1240.000  1065.000  930.000  611.000  1053.000  1157.000  3868.000  3519.000  3837.000  3007.000  3086.000  2862.000  3065.000 
 1.886  272.191  8774.062  8774.072  86715.930  57739.047  9473.379  -2102.714  0.000  0.000  1517.000  1358.000  1067.000  1024.000  570.000  1002.000  1099.000  3903.000  3519.000  3710.000  3111.000  2964.000  2812.000  2961.000 
 1.896  274.087  8778.092  8778.080  87407.000  58434.758  9614.692  -2099.079  0.000  0.000  1442.000  1392.000  1145.000  999.000  646.000  1034.000  1129.000  3941.000  3641.000  3824.000  3146.000  2909.000  2786.000  3170.000 
 1.906  275.992  8782.140  8782.125  87794.953  58943.320  9765.855  -2100.565  0.000  0.000  1391.000  1298.000  1108.000  962.000  612.000  1082.000  1115.000  3765.000  3577.000  3939.000  3130.000  2744.000  2902.000  3102.000 
 1.916  277.908  8786.207  8786.207  88081.781  59378.734  9948.868  -2107.171  0.000  0.000  1474.000  1335.000  1143.000  964.000  614.000  996.000  1086.000  3942.000  3672.000  3947.000  3217.000  2883.000  2829.000  3015.000 
 1.926  279.834  8790.293  8790.293  88696.500  60074.000  10236.729  -2121.898  0.000  0.000  1502.000  1390.000  1115.000  1071.000  608.000  1014.000  1141.000  3868.000  3720.000  4093.000  3344.000  2937.000  2877.000  3192.000 
 1.936  281.770  8794.398  8794.382  88916.094  60467.117  10465.441  -2148.745  0.000  0.000  1436.000  1423.000  1086.000  984.000  649.000  1080.000  1168.000  3973.000  3761.000  4128.000  3149.000  3210.000  2973.000  3175.000 
 1.947  283.717  8798.523  8798.509  89364.578  61043.090  10716.003  -2167.712  0.000  0.000  1549.000  1361.000  1078.000  1050.000  634.000  1028.000  1164.000  4028.000  3840.000  4072.000  3287.000  2980.000  2948.000  3203.000 
 1.957  285.674  8802.666  8802.673  89905.938  61669.910  10948.415  -2212.800  0.000  0.000  1482.000  1328.000  1090.000  1018.000  595.000  1062.000  1158.000  4107.000  3858.000  4170.000  3333.000  2644.000  2952.000  3174.000 
 1.967  287.641  8806.829  8806.841  90674.180  62459.586  11132.676  -2176.008  0.000  0.000  1531.000  1450.000  1157.000  1022.000  627.000  1096.000  1253.000  4130.000  4067.000  4727.000  3430.000  2589.000  3076.000  3354.000 
 1.978  289.619  8811.011  8811.014  90851.305  62834.109  11211.786  -2158.336  0.000  0.000  1512.000  1418.000  1123.000  1092.000  656.000  1124.000  1173.000  4110.000  3988.000  4891.000  3458.000  2700.000  3108.000  3264.000 
 1.988  291.608  8815.211  8815.223  91137.312  63291.488  11259.746  -2004.785  0.000  0.000  1573.000  1447.000  1099.000  1019.000  600.000  1147.000  1189.000  4231.000  3989.000  4856.000  3422.000  2849.000  3123.000  3331.000 
 1.999  293.607  8819.431  8819.437  91972.203  64172.719  11500.556  -2092.354  0.000  0.000  1610.000  1463.000  1129.000  991.000  665.000  1133.000  1208.000  4262.000  4061.000  4788.000  3353.000  2872.000  3180.000  3334.000 
 2.010  295.617  8823.669  8823.655  92089.977  64533.801  11648.216  -2166.043  0.000  0.000  1506.000  1507.000  1213.000  986.000  652.000  1121.000  1158.000  4267.000  4129.000  4996.000  3371.000  2578.000  3120.000  3323.000 
 2.020  297.637  8827.927  8827.910  92479.633  65082.734  11825.725  -2075.853  0.000  0.000  1508.000  1449.000  1120.000  1000.000  664.000  1105.000  1178.000  4326.000  4014.000  4704.000  3445.000  2420.000  3079.000  3336.000 
 2.031  299.668  8832.203  8832.204  93172.164  65866.516  12125.083  -2131.783  0.000  0.000  1498.000  1489.000  1134.000  1019.000  654.000  1128.000  1267.000  4300.000  4066.000  4686.000  3434.000  2274.000  3192.000  3386.000 
 2.042  301.710  8836.499  8836.502  93591.586  66471.156  12398.292  -2258.834  0.000  0.000  1525.000  1453.000  1172.000  1046.000  675.000  1160.000  1192.000  4361.000  4107.000  4497.000  3603.000  2231.000  3203.000  3360.000 
 2.053  303.763  8840.814  8840.804  94177.883  67218.641  12647.350  -2316.005  0.000  0.000  1493.000  1377.000  1194.000  1045.000  704.000  1122.000  1230.000  4294.000  4051.000  4455.000  3498.000  2235.000  3223.000  3334.000 
 2.064  305.827  8845.148  8845.144  94746.070  67925.984  12852.258  -2262.296  0.000  0.000  1533.000  1482.000  1161.000  1074.000  688.000  1158.000  1213.000  4423.000  4184.000  4405.000  3623.000  2200.000  3313.000  3417.000 
 2.075  307.902  8849.501  8849.488  95511.133  68774.180  13128.015  -2337.708  0.000  0.000  1619.000  1521.000  1183.000  1066.000  656.000  1136.000  1320.000  4551.000  4168.000  4145.000  3645.000  2171.000  3278.000  3621.000 
 2.086  309.988  8853.873  8853.870  95990.078  69413.219  13334.622  -2342.240  0.000  0.000  1554.000  1454.000  1191.000  1103.000  690.000  1189.000  1221.000  4506.000  4091.000  4112.000  3615.000  2228.000  3373.000  3519.000 
 2.097  312.085  8858.264  8858.257  96507.906  70099.117  13541.078  -2368.892  0.000  0.000  1626.000  1434.000  1255.000  1041.000  685.000  1164.000  1211.000  4587.000  4175.000  4176.000  3672.000  2204.000  3411.000  3530.000 
 2.108  314.193  8862.674  8862.683  96970.617  70741.867  13700.385  -2381.665  0.000  0.000  1580.000  1478.000  1215.000  1112.000  699.000  1201.000  1237.000  4540.000  4139.000  4109.000  3729.000  2173.000  3399.000  3591.000 
 2.119  316.312  8867.104  8867.112  97178.211  71183.469  13797.541  -2410.558  0.000  0.000  1594.000  1464.000  1237.000  1084.000  708.000  1194.000  1297.000  4623.000  4185.000  4067.000  3766.000  2219.000  3368.000  3690.000 
 2.131  318.443  8871.552  8871.546  97820.688  71958.922  13952.547  -2435.572  0.000  0.000  1660.000  1528.000  1145.000  1100.000  692.000  1149.000  1274.000  4637.000  4312.000  4080.000  3797.000  2237.000  3327.000  3594.000 
 2.142  320.585  8876.019  8876.019  98427.039  72733.227  14076.401  -2419.706  0.000  0.000  1630.000  1484.000  1238.000  1102.000  712.000  1177.000  1190.000  4686.000  4262.000  4081.000  3764.000  2295.000  3459.000  3596.000 
 2.153  322.738  8880.505  8880.496  98648.281  73208.383  14130.106  -2424.960  0.000  0.000  1729.000  1499.000  1269.000  1100.000  722.000  1168.000  1271.000  4763.000  4248.000  4112.000  3790.000  2259.000  3541.000  3763.000 
 2.165  324.903  8885.010  8885.012  99171.398  73911.391  14222.661  -2405.335  0.000  0.000  1660.000  1536.000  1282.000  1231.000  710.000  1259.000  1255.000  4706.000  4371.000  4197.000  3982.000  2252.000  3653.000  3757.000 
 2.176  327.079  8889.534  8889.532  99671.406  74590.250  14297.065  -2376.830  0.000  0.000  1612.000  1494.000  1226.000  1095.000  705.000  1239.000  1284.000  4685.000  4296.000  4140.000  3839.000  2276.000  3606.000  3637.000 
 2.188  329.267  8894.078  8894.092  100264.289  75369.961  14460.319  -2445.445  0.000  0.000  1758.000  1520.000  1257.000  1156.000  717.000  1211.000  1269.000  4973.000  4379.000  4187.000  3803.000  2341.000  3699.000  3779.000 
 2.200  331.467  8898.641  8898.656  100809.055  76098.523  14647.423  -2472.181  0.000  0.000  1644.000  1523.000  1212.000  1181.000  688.000  1277.000  1368.000  4888.000  4403.000  4160.000  4066.000  2324.000  4055.000  3955.000 
 2.211  333.678  8903.222  8903.226  101367.711  76841.938  14877.376  -2441.037  0.000  0.000  1693.000  1576.000  1310.000  1102.000  749.000  1219.000  1316.000  4874.000  4491.000  4224.000  3901.000  2324.000  4414.000  3820.000 
 2.223  335.901  8907.822  8907.833  101612.242  77355.203  15151.179  -2482.013  0.000  0.000  1647.000  1650.000  1244.000  1171.000  701.000  1249.000  1312.000  4829.000  4562.000  4178.000  4015.000  2286.000  4944.000  3863.000 
 2.235  338.135  8912.442  8912.446  102163.648  78106.328  15476.832  -2493.110  0.000  0.000  1755.000  1604.000  1276.000  1204.000  729.000  1299.000  1275.000  4943.000  4681.000  4293.000  4090.000  2429.000  5300.000  3857.000 
 2.247  340.382  8917.081  8917.063  102476.945  78652.297  15743.334  -2504.327  0.000  0.000  1656.000  1577.000  1279.000  1261.000  733.000  1262.000  1402.000  4824.000  4630.000  4270.000  4098.000  2365.000  4987.000  4008.000 
 2.258  342.640  8921.738  8921.755  100671.125  77508.117  15575.686  -2490.665  0.000  0.000  1647.000  1552.000  1269.000  1187.000  682.000  1243.000  1271.000  4967.000  4557.000  4254.000  4238.000  2338.000  4792.000  3969.000 
 2.270  344.911  8926.415  8926.417  102896.188  79609.797  16159.887  -2506.123  0.000  0.000  1817.000  1600.000  1357.000  1179.000  721.000  1247.000  1262.000  5040.000  4652.000  4423.000  4226.000  2353.000  4931.000  3986.000 
 2.282  347.193  8931.111  8931.118  105186.125  81765.320  16737.938  -2515.701  0.000  0.000  1808.000  1665.000  1345.000  1197.000  716.000  1292.000  1347.000  5233.000  4860.000  4510.000  4278.000  2452.000  5519.000  4108.000 
 2.294  349.488  8935.826  8935.825  105009.953  81991.703  16859.840  -2540.400  0.000  0.000  1796.000  1655.000  1427.000  1206.000  752.000  1213.000  1386.000  5206.000  4949.000  4602.000  4427.000  2387.000  5624.000  4143.000 
 2.307  351.794  8940.560  8940.570  105730.656  82918.930  17132.590  -2540.219  0.000  0.000  1839.000  1730.000  1401.000  1187.000  809.000  1375.000  1452.000  5274.000  5102.000  4668.000  4316.000  2599.000  5555.000  4304.000 
 2.319  354.113  8945.312  8945.321  106441.242  83854.016  17412.189  -2590.158  0.000  0.000  1773.000  1669.000  1304.000  1192.000  825.000  1279.000  1246.000  5405.000  4962.000  4695.000  4319.000  2607.000  5384.000  4101.000 
 2.331  356.444  8950.085  8950.078  106575.719  84322.945  17586.639  -2590.218  0.000  0.000  1819.000  1685.000  1404.000  1222.000  777.000  1300.000  1408.000  5359.000  4815.000  5129.000  4371.000  2610.000  5413.000  4218.000 
 2.343  358.787  8954.876  8954.874  107197.070  85197.734  17880.939  -2654.398  0.000  0.000  1824.000  1699.000  1366.000  1175.000  754.000  1343.000  1391.000  5509.000  5118.000  5778.000  4359.000  2639.000  5650.000  4283.000 
 2.356  361.143  8959.687  8959.675  108231.305  86398.375  18243.088  -2669.699  0.000  0.000  1865.000  1809.000  1378.000  1240.000  821.000  1334.000  1485.000  5480.000  5324.000  6537.000  4531.000  2684.000  5499.000  4524.000 
 2.368  363.511  8964.516  8964.517  108971.422  87395.859  18580.086  -2729.120  0.000  0.000  1852.000  1756.000  1324.000  1244.000  819.000  1382.000  1390.000  5522.000  5229.000  6771.000  4573.000  2823.000  5719.000  4181.000 
 2.381  365.892  8969.363  8969.362  109691.414  88361.203  18906.936  -2739.661  0.000  0.000  1795.000  1784.000  1336.000  1221.000  726.000  1359.000  1413.000  5569.000  5466.000  7042.000  4485.000  2611.000  5596.000  4473.000 
 2.393  368.285  8974.230  8974.215  110748.297  89615.398  19308.633  -2744.323  0.000  0.000  1869.000  1836.000  1410.000  1269.000  826.000  1329.000  1447.000  5676.000  5568.000  7861.000  4587.000  2749.000  5120.000  4517.000 
 2.406  370.690  8979.117  8979.106  111327.062  90486.445  19599.180  -2752.105  0.000  0.000  1940.000  1855.000  1408.000  1258.000  790.000  1339.000  1486.000  5714.000  5589.000  8023.000  4678.000  2773.000  4865.000  4631.000 
 2.418  373.109  8984.022  8984.039  111442.703  90965.344  19772.578  -2755.007  0.000  0.000  1837.000  1832.000  1390.000  1232.000  848.000  1421.000  1497.000  5651.000  5570.000  8722.000  4761.000  2838.000  4715.000  4708.000 
 2.431  375.540  8988.947  8988.941  111583.234  91452.094  19944.824  -2767.030  0.000  0.000  1888.000  1848.000  1428.000  1329.000  837.000  1371.000  1448.000  5955.000  5699.000  9680.000  4850.000  2908.000  4652.000  4550.000 
 2.444  377.983  8993.891  8993.885  111797.641  92016.695  20121.922  -2754.173  0.000  0.000  1888.000  1803.000  1428.000  1296.000  810.000  1345.000  1479.000  5840.000  5673.000  10352.000  4805.000  2956.000  4557.000  4717.000 
 2.457  380.440  8998.853  8998.869  112263.930  92812.148  20352.867  -2751.437  0.000  0.000  1899.000  1879.000  1375.000  1260.000  861.000  1329.000  1468.000  5887.000  5798.000  9826.000  4810.000  2993.000  4440.000  4644.000 
 2.469  382.909  9003.835  9003.823  112259.102  93218.453  20486.664  -2750.820  0.000  0.000  1892.000  1866.000  1408.000  1348.000  804.000  1369.000  1475.000  5959.000  5712.000  9195.000  4930.000  2931.000  4537.000  4719.000 
 2.482  385.392  9008.835  9008.818  113143.156  94352.609  20818.309  -2798.325  0.000  0.000  1898.000  1875.000  1481.000  1233.000  812.000  1364.000  1476.000  6116.000  5762.000  8830.000  4853.000  2958.000  4613.000  4839.000 
 2.495  387.887  9013.854  9013.854  112394.094  94121.617  20767.805  -2812.949  0.000  0.000  1816.000  1920.000  1429.000  1268.000  814.000  1451.000  1573.000  5732.000  5899.000  7997.000  4825.000  2945.000  4610.000  4739.000 
 2.508  390.395  9018.894  9018.896  115255.914  96916.477  21485.148  -2786.694  0.000  0.000  2008.000  1931.000  1470.000  1314.000  863.000  1464.000  1561.000  6179.000  5838.000  7567.000  5041.000  3082.000  4703.000  4886.000 
 2.521  392.917  9023.951  9023.942  115301.617  97347.188  21625.344  -2812.560  0.000  0.000  1941.000  1947.000  1479.000  1322.000  864.000  1382.000  1556.000  6093.000  5956.000  6892.000  4976.000  2996.000  4511.000  4852.000 
 2.535  395.451  9029.028  9029.031  115627.203  98014.758  21846.387  -2816.545  0.000  0.000  1954.000  1907.000  1492.000  1321.000  870.000  1397.000  1491.000  6139.000  5886.000  6708.000  5056.000  3105.000  4516.000  4960.000 
 2.548  397.999  9034.124  9034.125  116340.664  99054.172  22171.281  -2834.651  0.000  0.000  1961.000  1846.000  1465.000  1330.000  829.000  1489.000  1494.000  6171.000  5803.000  6324.000  5186.000  3037.000  4668.000  4859.000 
 2.561  400.560  9039.239  9039.225  116795.016  99887.438  22468.025  -2855.878  0.000  0.000  1998.000  1815.000  1487.000  1375.000  812.000  1364.000  1503.000  6344.000  5649.000  5870.000  5120.000  3098.000  4705.000  4846.000 
 2.574  403.134  9044.373  9044.366  117180.242  100698.562  22755.617  -2882.225  0.000  0.000  1962.000  1798.000  1497.000  1346.000  833.000  1416.000  1544.000  6181.000  5721.000  5742.000  5224.000  3035.000  4646.000  5037.000 
 2.588  405.722  9049.526  9049.513  117735.352  101612.531  23083.061  -2903.692  0.000  0.000  2053.000  1851.000  1530.000  1342.000  843.000  1484.000  1508.000  6447.000  5908.000  6132.000  5170.000  3047.000  4618.000  5071.000 
 2.601  408.323  9054.698  9054.701  118554.352  102744.359  23486.354  -2911.279  0.000  0.000  2030.000  1863.000  1504.000  1345.000  851.000  1453.000  1582.000  6408.000  5816.000  6501.000  5311.000  3137.000  4785.000  5120.000 
 2.615  410.938  9059.890  9059.896  118934.227  103554.031  23795.496  -2912.987  0.000  0.000  2014.000  1904.000  1542.000  1369.000  879.000  1521.000  1594.000  6552.000  6178.000  7110.000  5262.000  3232.000  4908.000  5178.000 
 2.628  413.566  9065.100  9065.097  119521.984  104533.562  24204.486  -3108.815  0.000  0.000  1974.000  1927.000  1525.000  1364.000  842.000  1479.000  1619.000  6499.000  6319.000  7986.000  5293.000  3213.000  4964.000  5283.000 
 2.642  416.207  9070.329  9070.339  120832.625  106175.938  24730.328  -3106.764  0.000  0.000  2162.000  1941.000  1512.000  1353.000  878.000  1426.000  1590.000  6704.000  6470.000  8257.000  5315.000  3311.000  4896.000  5336.000 
 2.655  418.863  9075.577  9075.587  120928.148  106751.172  24971.020  -3122.833  0.000  0.000  2100.000  2183.000  1588.000  1416.000  931.000  1447.000  1603.000  6616.000  6736.000  9362.000  5504.000  3398.000  4925.000  5386.000 
 2.669  421.532  9080.845  9080.842  120658.547  106968.258  25128.561  -3137.022  0.000  0.000  2082.000  2021.000  1553.000  1421.000  862.000  1508.000  1528.000  6727.000  6788.000  9621.000  5492.000  3318.000  4991.000  5304.000 
 2.683  424.215  9086.131  9086.139  121982.836  108643.195  25672.951  -3140.332  0.000  0.000  2157.000  2078.000  1516.000  1455.000  882.000  1478.000  1627.000  6779.000  6658.000  8808.000  5631.000  3363.000  4965.000  5307.000 
 2.697  426.911  9091.437  9091.441  122572.000  109680.977  26032.191  -3098.762  0.000  0.000  2050.000  1980.000  1534.000  1458.000  907.000  1514.000  1689.000  6639.000  6687.000  8214.000  5663.000  3400.000  5030.000  5499.000 
 2.711  429.622  9096.761  9096.750  122839.055  110366.617  26307.279  -3102.313  0.000  0.000  2089.000  1931.000  1567.000  1409.000  881.000  1471.000  1652.000  6763.000  6421.000  7027.000  5660.000  3383.000  4977.000  5357.000 
 2.724  432.346  9102.104  9102.102  123259.984  111236.109  26603.219  -3023.984  0.000  0.000  2093.000  1906.000  1559.000  1344.000  931.000  1530.000  1584.000  6839.000  6429.000  6665.000  5597.000  3455.000  5065.000  5452.000 
 2.738  435.085  9107.467  9107.459  124033.805  112433.453  27043.008  -3079.775  0.000  0.000  2152.000  1889.000  1625.000  1400.000  919.000  1495.000  1636.000  6990.000  6456.000  6249.000  5709.000  3389.000  5097.000  5592.000 
 2.753  437.837  9112.849  9112.859  124857.500  113685.648  27487.646  -3087.687  0.000  0.000  2080.000  1887.000  1612.000  1521.000  905.000  1583.000  1625.000  6850.000  6417.000  6087.000  5873.000  3401.000  5281.000  5591.000 
 2.767  440.604  9118.249  9118.266  124863.078  114162.695  27721.135  -3077.719  0.000  0.000  2163.000  1920.000  1562.000  1452.000  953.000  1541.000  1716.000  7004.000  6498.000  6125.000  5739.000  3371.000  5301.000  5705.000 
 2.781  443.385  9123.669  9123.679  125472.539  115215.594  28132.473  -3156.871  0.000  0.000  2067.000  1927.000  1590.000  1472.000  914.000  1565.000  1642.000  7005.000  6575.000  6164.000  5856.000  3416.000  5382.000  5639.000 
 2.795  446.180  9129.107  9129.098  126152.883  116371.344  28523.660  -3115.144  0.000  0.000  2156.000  1946.000  1511.000  1433.000  934.000  1577.000  1691.000  7225.000  6631.000  6089.000  5828.000  3518.000  5386.000  5715.000 
 2.809  448.989  9134.565  9134.561  126476.109  117200.945  28842.697  -3144.537  0.000  0.000  2164.000  1936.000  1565.000  1463.000  912.000  1647.000  1689.000  7343.000  6615.000  6148.000  5877.000  3447.000  5474.000  5702.000 
 2.824  451.813  9140.042  9140.029  127367.211  118550.398  29265.584  -3114.050  0.000  0.000  2089.000  2016.000  1615.000  1502.000  967.000  1546.000  1667.000  7331.000  6624.000  6299.000  6052.000  3464.000  5473.000  5959.000 
 2.838  454.651  9145.538  9145.541  127861.203  119534.703  29608.320  -3150.684  0.000  0.000  2160.000  1964.000  1639.000  1487.000  932.000  1515.000  1772.000  7352.000  6721.000  6355.000  5900.000  3454.000  5360.000  5897.000 
 2.852  457.503  9151.053  9151.060  127852.070  120023.867  29796.908  -3151.438  0.000  0.000  2199.000  1969.000  1567.000  1487.000  921.000  1596.000  1661.000  7369.000  6616.000  6259.000  6113.000  3446.000  5561.000  5855.000 
 2.867  460.370  9156.587  9156.585  128394.828  121034.875  30143.344  -3176.312  0.000  0.000  2235.000  1966.000  1680.000  1495.000  978.000  1550.000  1761.000  7407.000  6700.000  6440.000  5971.000  3580.000  5586.000  5952.000 
 2.882  463.252  9162.141  9162.152  126224.461  119439.734  29781.629  -3190.307  0.000  0.000  2158.000  1990.000  1681.000  1431.000  874.000  1527.000  1622.000  7434.000  6877.000  6521.000  5942.000  3503.000  5656.000  6040.000 
 2.896  466.148  9167.712  9167.729  129657.977  123318.453  30936.764  -3201.423  0.000  0.000  2120.000  1919.000  1687.000  1471.000  960.000  1633.000  1763.000  7401.000  6696.000  6501.000  6184.000  3662.000  6026.000  6033.000 
 2.911  469.059  9173.304  9173.311  131570.375  125592.016  31671.748  -3211.658  0.000  0.000  2234.000  2067.000  1672.000  1503.000  923.000  1614.000  1704.000  7586.000  6969.000  6600.000  6264.000  3609.000  6094.000  6102.000 
 2.926  471.984  9178.914  9178.899  132065.656  126770.438  32123.584  -3248.014  0.000  0.000  2303.000  2045.000  1729.000  1525.000  866.000  1691.000  1718.000  7670.000  7087.000  6876.000  6190.000  3621.000  6438.000  6306.000 
 2.940  474.924  9184.543  9184.532  132536.828  127781.703  32533.268  -3293.491  0.000  0.000  2311.000  2028.000  1739.000  1506.000  988.000  1628.000  1835.000  7748.000  7016.000  6838.000  6282.000  3785.000  6350.000  6295.000 
 2.955  477.880  9190.191  9190.208  132862.875  128663.828  32886.801  -3311.087  0.000  0.000  2292.000  2064.000  1711.000  1567.000  960.000  1687.000  1763.000  7850.000  7117.000  6777.000  6375.000  3776.000  6670.000  6365.000 
 2.970  480.850  9195.858  9195.854  133411.797  129748.797  33273.184  -3327.805  0.000  0.000  2233.000  2165.000  1735.000  1562.000  1021.000  1671.000  1772.000  8001.000  7287.000  7060.000  6368.000  3802.000  6731.000  6277.000 
 2.985  483.835  9201.545  9201.545  133923.609  130814.625  33664.418  -3320.642  0.000  0.000  2299.000  2076.000  1756.000  1576.000  1079.000  1599.000  1690.000  7837.000  7192.000  6821.000  6456.000  3860.000  6627.000  6229.000 
 3.000  486.835  9207.251  9207.242  134505.297  131895.297  34066.500  -3260.600  0.000  0.000  2277.000  2136.000  1685.000  1514.000  953.000  1676.000  1828.000  7977.000  7316.000  6993.000  6557.000  3698.000  6747.000  6467.000 