SSRL   EXAFS Data Collector 4.0       
Sat Mar  9 03:00:26 2024              
PTS:        350 COLS:         24
xsp7sca1.det                          
Ni_15_EXAFS.rgn                       
43 unfocused  0.000 0 X 3.135600 20000                                        
5 1000 300 RST 0 0                    
Sample 1 spot 9; 0.9x4.9 beam; Elevator 2.5; cryohor 47;                      
cryo 10K; detuned by 30% plus 10 layers reynolds Al                           
                                                                              
                                                                              
                                                                              
                                                                              

Weights: 
 1.000  1.000  1.000  1.000  1.000  1.000  1.000  1.000  1.000  1.000  1.000  1.000  1.000  1.000  1.000  1.000  1.000  1.000  1.000  1.000  1.000  1.000  1.000  1.000 
Offsets: 
 0.000  0.000  0.000  0.000  2085.900  2619.900  2659.500  2129.200  0.000  0.000  0.000  0.000  0.000  0.000  0.000  0.000  0.000  0.000  0.000  0.000  0.000  0.000  0.000  0.000 
Data: 
Real time clock   
Sum_RTC           
Requested Energy  
Achieved Energy   
I0                
I1                
I2                
Lytle             
Spare             
Spare             
SCA1_1            
SCA1_2            
SCA1_3            
SCA1_4            
SCA1_5            
SCA1_6            
SCA1_7            
ICR1_1            
ICR1_2            
ICR1_3            
ICR1_4            
ICR1_5            
ICR1_6            
ICR1_7            

 0.500  0.500  8195.000  8195.008  19816.051  1746.050  2207.250  -559.600  0.000  0.000  27.000  19.000  11.000  17.000  22.000  23.000  20.000  469.000  385.000  416.000  416.000  250.000  334.000  329.000 
 0.500  1.000  8205.000  8205.003  19707.051  1761.050  2230.250  -561.600  0.000  0.000  22.000  21.000  22.000  15.000  16.000  24.000  17.000  495.000  375.000  440.000  455.000  244.000  362.000  329.000 
 0.500  1.500  8215.000  8214.994  19904.051  1824.050  2302.250  -563.600  0.000  0.000  22.000  15.000  20.000  18.000  16.000  23.000  15.000  492.000  368.000  405.000  429.000  250.000  373.000  370.000 
 0.500  2.000  8225.000  8225.011  19984.051  1878.050  2368.250  -562.600  0.000  0.000  25.000  24.000  11.000  28.000  18.000  25.000  21.000  466.000  397.000  422.000  450.000  273.000  361.000  315.000 
 0.500  2.500  8235.000  8234.994  20014.051  1918.050  2421.250  -565.600  0.000  0.000  25.000  18.000  12.000  28.000  13.000  18.000  14.000  484.000  389.000  421.000  452.000  258.000  375.000  339.000 
 0.500  3.000  8245.000  8245.003  20070.051  1970.050  2483.250  -566.600  0.000  0.000  27.000  20.000  22.000  18.000  14.000  15.000  18.000  492.000  383.000  434.000  475.000  293.000  380.000  349.000 
 0.500  3.500  8255.000  8255.007  20382.051  2053.050  2580.250  -564.600  0.000  0.000  24.000  20.000  13.000  21.000  11.000  22.000  12.000  487.000  399.000  409.000  468.000  263.000  386.000  377.000 
 0.500  4.000  8265.000  8265.007  20159.051  2066.050  2600.250  -567.600  0.000  0.000  22.000  18.000  10.000  18.000  13.000  13.000  15.000  530.000  418.000  439.000  484.000  282.000  363.000  363.000 
 0.500  4.500  8275.000  8275.003  20150.051  2104.050  2647.250  -565.600  0.000  0.000  16.000  21.000  14.000  19.000  12.000  15.000  17.000  516.000  430.000  413.000  448.000  250.000  355.000  351.000 
 0.500  5.000  8285.000  8284.994  20278.051  2162.050  2720.250  -554.600  0.000  0.000  18.000  21.000  17.000  26.000  10.000  19.000  13.000  516.000  446.000  434.000  490.000  265.000  364.000  329.000 
 0.500  5.500  8295.000  8295.011  20271.051  2207.050  2772.250  -563.600  0.000  0.000  16.000  17.000  12.000  21.000  8.000  15.000  16.000  526.000  413.000  478.000  491.000  256.000  406.000  388.000 
 0.500  6.000  8305.000  8304.993  20521.051  2288.050  2860.250  -560.600  0.000  0.000  13.000  21.000  17.000  12.000  9.000  19.000  17.000  539.000  433.000  437.000  521.000  278.000  405.000  393.000 
 0.500  6.500  8315.000  8315.000  20648.051  2361.050  2931.250  -558.600  0.000  0.000  12.000  18.000  23.000  15.000  11.000  18.000  14.000  524.000  449.000  495.000  485.000  281.000  384.000  379.000 
 0.500  7.000  8325.500  8325.507  20664.051  2409.050  2931.250  -562.600  0.000  0.000  14.000  17.000  12.000  8.000  10.000  16.000  10.000  527.000  439.000  447.000  486.000  284.000  382.000  391.000 
 0.500  7.500  8326.000  8326.012  20616.051  2402.050  2917.250  -565.600  0.000  0.000  16.000  14.000  16.000  15.000  9.000  13.000  11.000  545.000  429.000  436.000  521.000  277.000  403.000  343.000 
 0.500  8.000  8326.500  8326.487  20358.051  2362.050  2865.250  -566.600  0.000  0.000  12.000  9.000  7.000  17.000  10.000  9.000  12.000  548.000  441.000  471.000  542.000  291.000  376.000  390.000 
 0.500  8.500  8327.000  8326.993  20658.051  2414.050  2914.250  -566.600  0.000  0.000  16.000  15.000  14.000  12.000  16.000  11.000  18.000  553.000  430.000  451.000  490.000  278.000  426.000  394.000 
 0.500  9.000  8327.500  8327.499  20718.051  2425.050  2918.250  -565.600  0.000  0.000  20.000  19.000  14.000  11.000  4.000  11.000  16.000  541.000  443.000  472.000  491.000  283.000  358.000  393.000 
 0.500  9.500  8328.000  8328.004  20557.051  2403.050  2881.250  -564.600  0.000  0.000  22.000  23.000  10.000  13.000  11.000  15.000  9.000  545.000  440.000  436.000  552.000  287.000  391.000  377.000 
 0.500  10.000  8328.500  8328.510  20728.051  2431.050  2900.250  -564.600  0.000  0.000  18.000  11.000  20.000  19.000  16.000  9.000  21.000  535.000  425.000  453.000  463.000  303.000  413.000  418.000 
 0.500  10.500  8329.000  8328.985  20334.051  2372.050  2815.250  -565.600  0.000  0.000  10.000  14.000  15.000  12.000  7.000  17.000  18.000  494.000  444.000  473.000  542.000  291.000  379.000  378.000 
 0.500  11.000  8329.500  8329.491  20600.051  2417.050  2845.250  -565.600  0.000  0.000  18.000  13.000  17.000  13.000  8.000  12.000  19.000  517.000  450.000  504.000  497.000  280.000  380.000  396.000 
 0.500  11.500  8330.000  8329.997  20714.051  2437.050  2839.250  -565.600  0.000  0.000  15.000  9.000  9.000  9.000  6.000  14.000  22.000  562.000  436.000  486.000  499.000  289.000  384.000  399.000 
 0.500  12.000  8330.500  8330.503  20474.051  2403.050  2761.250  -565.600  0.000  0.000  16.000  21.000  16.000  15.000  12.000  10.000  16.000  531.000  471.000  446.000  506.000  308.000  388.000  399.000 
 0.500  12.500  8331.000  8331.009  20559.051  2418.050  2722.250  -566.600  0.000  0.000  23.000  19.000  12.000  8.000  12.000  16.000  13.000  510.000  461.000  467.000  513.000  283.000  379.000  423.000 
 0.500  13.000  8331.500  8331.515  20738.051  2448.050  2666.250  -565.600  0.000  0.000  17.000  8.000  19.000  13.000  12.000  15.000  7.000  518.000  421.000  446.000  509.000  262.000  425.000  346.000 
 0.500  13.500  8332.000  8331.991  20699.051  2443.050  2526.250  -566.600  0.000  0.000  17.000  11.000  16.000  11.000  11.000  11.000  8.000  520.000  465.000  502.000  501.000  293.000  423.000  347.000 
 0.500  14.000  8332.500  8332.497  20376.051  2394.050  2261.250  -565.600  0.000  0.000  13.000  13.000  12.000  20.000  8.000  11.000  15.000  516.000  429.000  438.000  534.000  260.000  420.000  409.000 
 0.500  14.500  8333.000  8333.003  20647.051  2439.050  2037.250  -565.600  0.000  0.000  17.000  13.000  10.000  20.000  12.000  25.000  13.000  592.000  453.000  484.000  520.000  286.000  430.000  400.000 
 0.500  15.000  8333.500  8333.510  20345.051  2391.050  1739.250  -565.600  0.000  0.000  22.000  13.000  17.000  10.000  11.000  27.000  16.000  562.000  459.000  512.000  503.000  272.000  419.000  384.000 
 0.500  15.500  8334.000  8333.986  20733.051  2457.050  1578.250  -564.600  0.000  0.000  21.000  15.000  15.000  17.000  12.000  14.000  18.000  570.000  429.000  460.000  528.000  291.000  417.000  360.000 
 0.500  16.000  8334.500  8334.492  20797.051  2470.050  1402.250  -563.600  0.000  0.000  27.000  15.000  12.000  14.000  10.000  25.000  13.000  582.000  413.000  487.000  500.000  292.000  429.000  413.000 
 0.500  16.500  8335.000  8334.999  20672.051  2450.050  1245.250  -562.600  0.000  0.000  13.000  9.000  16.000  12.000  11.000  13.000  12.000  565.000  423.000  458.000  513.000  300.000  376.000  395.000 
 0.500  17.000  8335.500  8335.505  20370.051  2405.050  1114.250  -561.600  0.000  0.000  16.000  13.000  19.000  15.000  7.000  11.000  23.000  532.000  425.000  462.000  522.000  268.000  402.000  374.000 
 0.500  17.500  8336.000  8336.012  20734.051  2465.050  1075.250  -561.600  0.000  0.000  22.000  24.000  21.000  12.000  6.000  12.000  16.000  547.000  462.000  503.000  560.000  262.000  423.000  413.000 
 0.500  18.000  8336.500  8336.488  20543.051  2438.050  1007.250  -560.600  0.000  0.000  13.000  11.000  15.000  14.000  14.000  14.000  11.000  518.000  435.000  491.000  475.000  279.000  395.000  389.000 
 0.500  18.500  8337.000  8336.995  20546.051  2440.050  970.250  -558.600  0.000  0.000  19.000  12.000  17.000  15.000  11.000  14.000  14.000  535.000  452.000  519.000  504.000  280.000  401.000  404.000 
 0.500  19.000  8337.500  8337.502  20708.051  2467.050  950.250  -557.600  0.000  0.000  22.000  13.000  12.000  21.000  13.000  22.000  15.000  534.000  449.000  477.000  523.000  295.000  452.000  375.000 
 0.500  19.500  8338.000  8338.009  20654.051  2461.050  906.250  -556.600  0.000  0.000  17.000  14.000  11.000  13.000  13.000  19.000  11.000  515.000  440.000  499.000  564.000  271.000  420.000  391.000 
 0.500  20.000  8338.500  8338.485  20719.051  2473.050  863.250  -556.600  0.000  0.000  16.000  9.000  20.000  19.000  7.000  14.000  9.000  564.000  427.000  462.000  512.000  262.000  432.000  376.000 
 0.500  20.500  8339.000  8338.992  20521.051  2442.050  785.250  -555.600  0.000  0.000  19.000  13.000  17.000  10.000  12.000  20.000  12.000  546.000  458.000  449.000  498.000  278.000  373.000  367.000 
 0.500  21.000  8339.500  8339.499  20338.051  2415.050  707.250  -555.600  0.000  0.000  18.000  21.000  19.000  16.000  6.000  14.000  17.000  534.000  400.000  470.000  512.000  244.000  431.000  405.000 
 0.500  21.500  8340.000  8340.007  20429.051  2433.050  658.250  -553.600  0.000  0.000  23.000  17.000  19.000  15.000  12.000  22.000  18.000  522.000  469.000  461.000  533.000  271.000  393.000  437.000 
 0.500  22.000  8340.500  8340.514  20703.051  2477.050  627.250  -552.600  0.000  0.000  19.000  14.000  18.000  13.000  11.000  16.000  20.000  491.000  425.000  519.000  548.000  278.000  382.000  426.000 
 0.500  22.500  8341.000  8340.991  20583.051  2462.050  578.250  -555.600  0.000  0.000  17.000  19.000  10.000  12.000  14.000  10.000  13.000  563.000  448.000  486.000  566.000  316.000  409.000  340.000 
 0.500  23.000  8341.500  8341.498  20627.051  2470.050  536.250  -554.600  0.000  0.000  21.000  19.000  10.000  11.000  8.000  20.000  19.000  540.000  487.000  503.000  517.000  277.000  396.000  424.000 
 0.500  23.500  8342.000  8342.005  20668.051  2479.050  490.250  -552.600  0.000  0.000  10.000  13.000  11.000  15.000  10.000  11.000  14.000  495.000  454.000  472.000  501.000  253.000  388.000  363.000 
 0.500  24.000  8342.500  8342.513  20557.051  2465.050  430.250  -554.600  0.000  0.000  18.000  11.000  16.000  15.000  17.000  17.000  16.000  532.000  422.000  474.000  511.000  292.000  395.000  385.000 
 0.500  24.500  8343.000  8342.990  20564.051  2468.050  373.250  -556.600  0.000  0.000  21.000  11.000  16.000  19.000  10.000  17.000  15.000  554.000  432.000  489.000  526.000  280.000  390.000  415.000 
 0.500  25.000  8343.500  8343.498  20710.051  2496.050  315.250  -563.600  0.000  0.000  13.000  24.000  15.000  11.000  9.000  20.000  25.000  523.000  481.000  484.000  488.000  313.000  453.000  396.000 
 0.500  25.500  8344.000  8344.005  20473.051  2461.050  231.250  -562.600  0.000  0.000  16.000  20.000  16.000  15.000  9.000  14.000  11.000  548.000  455.000  470.000  506.000  331.000  396.000  372.000 
 0.500  26.000  8344.500  8344.513  20669.051  2494.050  169.250  -561.600  0.000  0.000  23.000  15.000  17.000  15.000  11.000  10.000  17.000  573.000  423.000  469.000  536.000  281.000  414.000  415.000 
 0.500  26.500  8345.000  8344.990  20560.051  2479.050  98.250  -564.600  0.000  0.000  17.000  15.000  19.000  15.000  4.000  20.000  11.000  550.000  458.000  514.000  554.000  278.000  453.000  414.000 
 0.500  27.000  8345.500  8345.498  20672.051  2499.050  36.250  -565.600  0.000  0.000  16.000  22.000  19.000  16.000  7.000  14.000  9.000  561.000  450.000  492.000  553.000  268.000  425.000  426.000 
 0.500  27.500  8346.000  8346.006  20309.051  2443.050  -41.750  -564.600  0.000  0.000  20.000  22.000  19.000  13.000  9.000  25.000  20.000  535.000  420.000  464.000  534.000  265.000  408.000  435.000 
 0.500  28.000  8346.500  8346.514  20667.051  2503.050  -87.750  -563.600  0.000  0.000  24.000  20.000  23.000  18.000  8.000  15.000  15.000  541.000  468.000  495.000  478.000  288.000  386.000  347.000 
 0.500  28.500  8347.000  8346.992  20686.051  2507.050  -136.750  -563.600  0.000  0.000  23.000  9.000  15.000  21.000  6.000  15.000  17.000  553.000  461.000  495.000  557.000  259.000  419.000  404.000 
 0.500  29.000  8347.500  8347.500  20681.051  2507.050  -183.750  -559.600  0.000  0.000  22.000  12.000  12.000  22.000  13.000  19.000  21.000  569.000  453.000  513.000  513.000  298.000  393.000  392.000 
 0.500  29.500  8348.000  8348.008  20748.051  2522.050  -217.750  -562.600  0.000  0.000  15.000  18.000  17.000  11.000  11.000  13.000  20.000  575.000  436.000  483.000  492.000  296.000  384.000  430.000 
 0.500  30.000  8348.500  8348.486  20644.051  2508.050  -244.750  -561.600  0.000  0.000  18.000  22.000  18.000  14.000  7.000  17.000  16.000  534.000  456.000  506.000  552.000  292.000  408.000  373.000 
 0.500  30.500  8349.000  8348.994  20491.051  2485.050  -265.750  -560.600  0.000  0.000  23.000  17.000  15.000  17.000  9.000  25.000  26.000  537.000  478.000  522.000  522.000  285.000  401.000  361.000 
 0.500  31.000  8349.500  8349.503  20736.051  2529.050  -270.750  -562.600  0.000  0.000  22.000  15.000  16.000  16.000  11.000  20.000  14.000  592.000  464.000  470.000  477.000  285.000  424.000  394.000 
 0.500  31.500  8350.000  8350.011  20653.051  2517.050  -275.750  -560.600  0.000  0.000  28.000  25.000  15.000  15.000  17.000  21.000  24.000  544.000  450.000  512.000  546.000  311.000  411.000  411.000 
 0.500  32.000  8350.500  8350.489  20649.051  2518.050  -275.750  -563.600  0.000  0.000  17.000  20.000  18.000  19.000  16.000  10.000  26.000  560.000  470.000  470.000  510.000  305.000  406.000  396.000 
 0.500  32.500  8351.000  8350.998  20579.051  2510.050  -271.750  -563.600  0.000  0.000  17.000  20.000  15.000  26.000  15.000  19.000  19.000  579.000  450.000  483.000  532.000  274.000  422.000  469.000 
 0.500  33.000  8351.500  8351.506  20621.051  2516.050  -267.750  -559.600  0.000  0.000  27.000  20.000  13.000  18.000  10.000  22.000  16.000  528.000  453.000  496.000  496.000  288.000  428.000  359.000 
 0.500  33.500  8352.000  8352.015  20595.051  2513.050  -262.750  -550.600  0.000  0.000  16.000  24.000  22.000  12.000  11.000  17.000  22.000  624.000  463.000  473.000  530.000  314.000  398.000  407.000 
 0.500  34.000  8352.500  8352.493  20419.051  2486.050  -261.750  -546.600  0.000  0.000  17.000  13.000  14.000  18.000  14.000  19.000  14.000  571.000  461.000  506.000  547.000  321.000  395.000  365.000 
 0.500  34.500  8353.000  8353.002  20641.051  2529.050  -246.750  -556.600  0.000  0.000  18.000  15.000  23.000  15.000  16.000  17.000  23.000  495.000  459.000  494.000  472.000  268.000  402.000  396.000 
 0.500  35.000  8353.500  8353.511  20638.051  2531.050  -240.750  -555.600  0.000  0.000  18.000  17.000  15.000  20.000  13.000  16.000  15.000  580.000  456.000  502.000  547.000  278.000  444.000  406.000 
 0.500  35.500  8354.000  8353.989  20361.051  2483.050  -248.750  -549.600  0.000  0.000  29.000  24.000  13.000  21.000  10.000  18.000  19.000  534.000  468.000  460.000  550.000  285.000  437.000  371.000 
 0.500  36.000  8354.500  8354.498  20513.051  2512.050  -245.750  -555.600  0.000  0.000  25.000  18.000  12.000  14.000  18.000  19.000  18.000  552.000  454.000  450.000  529.000  279.000  434.000  379.000 
 0.500  36.500  8355.000  8355.007  20702.051  2546.050  -249.750  -551.600  0.000  0.000  23.000  14.000  19.000  17.000  13.000  17.000  21.000  552.000  456.000  496.000  566.000  294.000  433.000  423.000 
 0.500  37.000  8355.500  8355.486  20703.051  2551.050  -255.750  -561.600  0.000  0.000  22.000  21.000  23.000  15.000  13.000  22.000  15.000  567.000  461.000  502.000  481.000  293.000  421.000  395.000 
 0.500  37.500  8356.000  8355.995  20626.051  2542.050  -270.750  -564.600  0.000  0.000  21.000  19.000  17.000  23.000  10.000  20.000  16.000  527.000  449.000  484.000  521.000  287.000  416.000  388.000 
 0.500  38.000  8356.500  8356.504  20500.051  2526.050  -288.750  -564.600  0.000  0.000  15.000  15.000  19.000  16.000  6.000  12.000  19.000  578.000  463.000  514.000  528.000  287.000  352.000  411.000 
 0.500  38.500  8357.000  8357.014  20341.051  2501.050  -303.750  -563.600  0.000  0.000  17.000  20.000  23.000  19.000  14.000  11.000  22.000  538.000  465.000  525.000  545.000  279.000  366.000  388.000 
 0.500  39.000  8357.500  8357.493  20338.051  2503.050  -313.750  -565.600  0.000  0.000  18.000  20.000  16.000  9.000  15.000  15.000  19.000  551.000  436.000  494.000  493.000  311.000  397.000  416.000 
 0.500  39.500  8358.000  8358.002  20667.051  2560.050  -309.750  -566.600  0.000  0.000  24.000  14.000  16.000  14.000  9.000  27.000  13.000  581.000  453.000  465.000  501.000  266.000  403.000  389.000 
 0.500  40.000  8358.500  8358.512  20577.051  2548.050  -313.750  -567.600  0.000  0.000  19.000  18.000  18.000  17.000  6.000  10.000  9.000  557.000  474.000  482.000  506.000  285.000  405.000  362.000 
 0.500  40.500  8359.000  8358.991  20580.051  2550.050  -309.750  -565.600  0.000  0.000  18.000  18.000  9.000  20.000  13.000  18.000  21.000  542.000  439.000  497.000  503.000  286.000  428.000  422.000 
 0.500  41.000  8359.500  8359.500  20564.051  2550.050  -304.750  -565.600  0.000  0.000  26.000  11.000  19.000  15.000  19.000  23.000  19.000  577.000  434.000  501.000  530.000  284.000  441.000  410.000 
 0.500  41.500  8360.000  8360.010  20609.051  2561.050  -297.750  -565.600  0.000  0.000  20.000  12.000  17.000  16.000  6.000  13.000  9.000  573.000  443.000  481.000  513.000  318.000  406.000  414.000 
 1.000  42.500  8361.011  8360.999  42552.102  5353.100  -532.500  -1133.200  0.000  0.000  45.000  39.000  33.000  35.000  35.000  23.000  33.000  1148.000  900.000  1038.000  1020.000  594.000  825.000  843.000 
 1.000  43.500  8361.668  8361.659  42602.043  5368.026  -514.575  -1135.260  0.000  0.000  33.000  33.000  36.000  41.000  25.000  34.000  29.000  1135.000  985.000  925.000  1061.000  590.000  878.000  822.000 
 1.000  44.500  8362.345  8362.349  42527.863  5364.804  -501.801  -1135.441  0.000  0.000  47.000  34.000  32.000  34.000  21.000  22.000  29.000  1191.000  961.000  1051.000  1140.000  597.000  855.000  823.000 
 1.000  45.500  8363.040  8363.038  42552.570  5366.434  -489.177  -1133.742  0.000  0.000  29.000  38.000  44.000  43.000  18.000  33.000  34.000  1128.000  968.000  1058.000  1106.000  574.000  874.000  830.000 
 1.000  46.501  8363.754  8363.759  42422.156  5350.915  -472.703  -1129.163  0.000  0.000  46.000  30.000  39.000  29.000  26.000  39.000  37.000  1141.000  927.000  999.000  1066.000  630.000  820.000  851.000 
 1.001  47.502  8364.487  8364.479  42508.625  5371.249  -446.379  -1122.705  0.000  0.000  39.000  32.000  28.000  33.000  14.000  40.000  20.000  1237.000  992.000  1019.000  1084.000  586.000  826.000  837.000 
 1.001  48.503  8365.240  8365.229  42478.977  5369.434  -423.206  -1118.367  0.000  0.000  42.000  28.000  28.000  33.000  23.000  28.000  30.000  1174.000  953.000  1046.000  1106.000  610.000  833.000  802.000 
 1.001  49.504  8366.012  8366.009  42545.211  5387.471  -399.184  -1118.149  0.000  0.000  34.000  35.000  23.000  43.000  27.000  33.000  29.000  1125.000  903.000  1017.000  1118.000  633.000  795.000  844.000 
 1.002  50.506  8366.802  8366.790  42607.328  5406.360  -385.311  -1115.052  0.000  0.000  36.000  26.000  22.000  35.000  27.000  27.000  44.000  1156.000  935.000  1055.000  1088.000  579.000  853.000  921.000 
 1.002  51.508  8367.611  8367.601  42451.324  5383.102  -381.589  -1112.075  0.000  0.000  43.000  40.000  42.000  28.000  26.000  40.000  34.000  1172.000  976.000  1048.000  1114.000  590.000  838.000  861.000 
 1.003  52.511  8368.440  8368.441  42591.203  5413.694  -372.017  -1108.218  0.000  0.000  40.000  34.000  39.000  35.000  26.000  27.000  27.000  1130.000  975.000  1031.000  1139.000  575.000  880.000  826.000 
 1.003  53.514  8369.288  8369.282  42627.965  5423.140  -369.596  -1099.482  0.000  0.000  38.000  40.000  34.000  19.000  17.000  29.000  31.000  1140.000  978.000  1012.000  1102.000  574.000  851.000  796.000 
 1.004  54.518  8370.155  8370.153  42708.609  5443.436  -366.325  -1093.867  0.000  0.000  46.000  39.000  34.000  37.000  21.000  33.000  34.000  1200.000  987.000  1054.000  1110.000  595.000  833.000  828.000 
 1.005  55.523  8371.041  8371.056  42573.137  5426.585  -376.204  -1090.371  0.000  0.000  33.000  34.000  33.000  35.000  24.000  29.000  32.000  1137.000  940.000  1035.000  1077.000  592.000  849.000  850.000 
 1.006  56.529  8371.945  8371.957  42566.543  5452.585  -390.234  -1075.996  0.000  0.000  35.000  35.000  32.000  35.000  22.000  29.000  23.000  1180.000  963.000  994.000  1062.000  622.000  848.000  854.000 
 1.006  57.535  8372.869  8372.859  42814.832  5515.438  -386.414  -1112.741  0.000  0.000  34.000  35.000  26.000  31.000  24.000  29.000  39.000  1222.000  928.000  961.000  1126.000  642.000  890.000  839.000 
 1.007  58.542  8373.812  8373.821  42641.008  5496.142  -417.745  -1115.607  0.000  0.000  33.000  33.000  33.000  28.000  27.000  19.000  33.000  1199.000  951.000  1017.000  1094.000  581.000  833.000  851.000 
 1.008  59.550  8374.774  8374.784  43095.059  5581.698  -436.225  -1116.593  0.000  0.000  41.000  31.000  28.000  38.000  30.000  37.000  33.000  1226.000  941.000  1024.000  1096.000  621.000  894.000  827.000 
 1.009  60.560  8375.756  8375.747  43078.996  5588.106  -470.856  -1122.700  0.000  0.000  28.000  24.000  31.000  32.000  21.000  33.000  28.000  1127.000  945.000  993.000  1114.000  613.000  878.000  876.000 
 1.010  61.570  8376.756  8376.770  42773.816  5543.366  -513.638  -1123.927  0.000  0.000  47.000  49.000  32.000  26.000  29.000  33.000  29.000  1141.000  953.000  1054.000  1062.000  617.000  861.000  817.000 
 1.011  62.581  8377.775  8377.764  43199.516  5625.478  -544.570  -1125.274  0.000  0.000  32.000  31.000  31.000  47.000  18.000  33.000  26.000  1215.000  1012.000  1047.000  1156.000  563.000  875.000  789.000 
 1.012  63.594  8378.813  8378.817  43158.098  5629.442  -586.652  -1124.741  0.000  0.000  45.000  36.000  33.000  36.000  21.000  35.000  41.000  1126.000  964.000  1062.000  1141.000  593.000  920.000  826.000 
 1.014  64.607  8379.870  8379.871  43082.562  5616.258  -624.884  -1128.329  0.000  0.000  39.000  35.000  36.000  34.000  22.000  38.000  27.000  1182.000  944.000  1009.000  1157.000  601.000  872.000  815.000 
 1.015  65.622  8380.946  8380.956  43023.910  5615.925  -653.267  -1130.037  0.000  0.000  30.000  31.000  37.000  20.000  19.000  44.000  31.000  1148.000  961.000  1024.000  1084.000  610.000  900.000  803.000 
 1.016  66.639  8382.042  8382.040  43476.141  5705.445  -661.800  -1132.866  0.000  0.000  41.000  32.000  21.000  30.000  30.000  37.000  34.000  1218.000  977.000  1025.000  1142.000  632.000  858.000  827.000 
 1.018  67.656  8383.156  8383.155  43130.250  5656.816  -666.484  -1138.815  0.000  0.000  31.000  24.000  28.000  37.000  24.000  36.000  32.000  1188.000  991.000  1045.000  1161.000  614.000  886.000  839.000 
 1.019  68.675  8384.290  8384.302  43177.242  5671.039  -654.318  -1143.885  0.000  0.000  34.000  29.000  26.000  33.000  26.000  33.000  26.000  1177.000  979.000  1038.000  1116.000  588.000  903.000  870.000 
 1.021  69.696  8385.442  8385.447  43614.117  5758.114  -624.302  -1140.074  0.000  0.000  37.000  31.000  29.000  29.000  20.000  31.000  33.000  1227.000  1025.000  999.000  1159.000  650.000  880.000  863.000 
 1.022  70.718  8386.614  8386.624  43362.875  5726.042  -592.436  -1142.385  0.000  0.000  41.000  26.000  45.000  38.000  12.000  32.000  29.000  1231.000  1022.000  1082.000  1147.000  621.000  882.000  884.000 
 1.024  71.742  8387.805  8387.801  43807.516  5811.820  -535.721  -1145.815  0.000  0.000  25.000  30.000  31.000  26.000  25.000  41.000  35.000  1193.000  965.000  1070.000  1132.000  661.000  928.000  899.000 
 1.025  72.767  8389.015  8389.008  43725.035  5804.451  -493.156  -1148.366  0.000  0.000  34.000  38.000  33.000  34.000  21.000  27.000  40.000  1187.000  1003.000  1060.000  1187.000  666.000  898.000  813.000 
 1.027  73.794  8390.243  8390.246  43951.438  5848.934  -444.742  -1150.037  0.000  0.000  29.000  28.000  35.000  32.000  21.000  37.000  28.000  1249.000  999.000  1082.000  1158.000  596.000  845.000  863.000 
 1.029  74.823  8391.491  8391.484  43693.723  5811.268  -411.478  -1150.829  0.000  0.000  49.000  35.000  37.000  29.000  16.000  32.000  21.000  1196.000  1016.000  1114.000  1154.000  598.000  919.000  881.000 
 1.031  75.854  8392.758  8392.753  44008.891  5879.455  -369.364  -1152.741  0.000  0.000  43.000  30.000  34.000  33.000  27.000  35.000  30.000  1227.000  1020.000  1145.000  1196.000  602.000  963.000  898.000 
 1.033  76.887  8394.044  8394.053  44006.941  5891.493  -340.401  -1152.773  0.000  0.000  34.000  28.000  37.000  38.000  23.000  33.000  21.000  1263.000  1002.000  1099.000  1131.000  647.000  902.000  912.000 
 1.035  77.921  8395.349  8395.353  43919.875  5885.383  -327.588  -1155.926  0.000  0.000  49.000  36.000  31.000  33.000  22.000  36.000  34.000  1254.000  949.000  1054.000  1117.000  645.000  917.000  855.000 
 1.037  78.958  8396.673  8396.684  44066.688  5915.125  -319.925  -1158.199  0.000  0.000  46.000  44.000  32.000  29.000  27.000  33.000  22.000  1189.000  1000.000  1127.000  1131.000  667.000  887.000  880.000 
 1.039  79.997  8398.016  8398.015  44358.383  5975.719  -314.413  -1155.592  0.000  0.000  39.000  42.000  28.000  34.000  19.000  26.000  36.000  1244.000  1006.000  1132.000  1199.000  696.000  915.000  886.000 
 1.041  81.038  8399.378  8399.376  44682.961  6044.166  -306.051  -1157.106  0.000  0.000  43.000  43.000  29.000  37.000  27.000  37.000  25.000  1250.000  1047.000  1104.000  1196.000  688.000  885.000  867.000 
 1.043  82.081  8400.759  8400.769  44703.422  6052.463  -306.839  -1150.740  0.000  0.000  38.000  46.000  19.000  28.000  28.000  31.000  36.000  1253.000  1068.000  1072.000  1157.000  659.000  938.000  906.000 
 1.045  83.126  8402.159  8402.161  44830.762  6085.613  -302.778  -1140.495  0.000  0.000  36.000  48.000  30.000  27.000  25.000  24.000  24.000  1319.000  1065.000  1105.000  1205.000  627.000  874.000  833.000 
 1.048  84.173  8403.578  8403.585  45103.988  6137.614  -289.867  -1132.370  0.000  0.000  30.000  31.000  22.000  37.000  25.000  28.000  31.000  1306.000  1043.000  1111.000  1238.000  683.000  938.000  967.000 
 1.050  85.223  8405.017  8405.010  45418.094  6208.468  -278.107  -1151.365  0.000  0.000  44.000  30.000  43.000  25.000  27.000  42.000  31.000  1306.000  1060.000  1101.000  1189.000  700.000  953.000  946.000 
 1.052  86.275  8406.474  8406.464  45457.082  6231.173  -285.496  -1155.481  0.000  0.000  41.000  26.000  40.000  29.000  31.000  28.000  30.000  1363.000  1132.000  1084.000  1231.000  688.000  958.000  933.000 
 1.055  87.330  8407.950  8407.950  45710.953  6289.730  -296.037  -1167.717  0.000  0.000  44.000  41.000  27.000  37.000  31.000  32.000  30.000  1279.000  1051.000  1097.000  1184.000  673.000  913.000  900.000 
 1.057  88.387  8409.445  8409.437  45597.707  6285.140  -320.727  -1170.073  0.000  0.000  52.000  24.000  25.000  31.000  36.000  30.000  35.000  1321.000  1045.000  1146.000  1204.000  678.000  935.000  938.000 
 1.060  89.447  8410.960  8410.954  46130.340  6387.401  -324.568  -1163.550  0.000  0.000  39.000  35.000  33.000  25.000  31.000  34.000  40.000  1277.000  1091.000  1156.000  1179.000  724.000  1010.000  931.000 
 1.062  90.510  8412.493  8412.502  46169.855  6412.514  -329.559  -1176.147  0.000  0.000  51.000  29.000  31.000  27.000  19.000  43.000  36.000  1350.000  1055.000  1164.000  1304.000  694.000  947.000  951.000 
 1.065  91.575  8414.046  8414.051  46184.254  6429.479  -345.701  -1179.865  0.000  0.000  48.000  37.000  29.000  43.000  19.000  31.000  37.000  1330.000  1071.000  1152.000  1233.000  682.000  988.000  986.000 
 1.068  92.643  8415.618  8415.631  46216.535  6468.295  -375.992  -1160.703  0.000  0.000  36.000  46.000  32.000  45.000  24.000  25.000  36.000  1285.000  1047.000  1220.000  1245.000  712.000  944.000  931.000 
 1.071  93.713  8417.208  8417.211  46273.699  6492.964  -400.435  -1176.661  0.000  0.000  37.000  37.000  32.000  27.000  34.000  38.000  30.000  1340.000  1096.000  1160.000  1231.000  720.000  934.000  927.000 
 1.074  94.787  8418.818  8418.822  46898.742  6625.484  -407.027  -1195.739  0.000  0.000  46.000  40.000  35.000  25.000  17.000  24.000  31.000  1367.000  1065.000  1236.000  1223.000  664.000  1024.000  1013.000 
 1.076  95.863  8420.447  8420.435  46670.672  6600.856  -438.770  -1202.938  0.000  0.000  44.000  28.000  23.000  24.000  24.000  33.000  40.000  1326.000  1094.000  1206.000  1222.000  666.000  979.000  992.000 
 1.079  96.943  8422.095  8422.108  46781.480  6629.081  -463.663  -1209.258  0.000  0.000  44.000  34.000  36.000  34.000  22.000  30.000  30.000  1404.000  1076.000  1184.000  1287.000  726.000  978.000  950.000 
 1.082  98.025  8423.762  8423.752  47033.172  6689.157  -486.707  -1213.697  0.000  0.000  44.000  29.000  16.000  44.000  20.000  36.000  30.000  1357.000  1090.000  1161.000  1250.000  701.000  1041.000  945.000 
 1.086  99.111  8425.447  8425.457  47395.746  6771.085  -512.901  -1217.257  0.000  0.000  39.000  35.000  33.000  29.000  25.000  38.000  36.000  1418.000  1071.000  1209.000  1314.000  708.000  1015.000  1015.000 
 1.089  100.199  8427.152  8427.163  47199.199  6746.865  -559.245  -1216.938  0.000  0.000  37.000  38.000  30.000  32.000  29.000  34.000  42.000  1370.000  1118.000  1174.000  1336.000  720.000  966.000  991.000 
 1.092  101.291  8428.877  8428.870  47703.539  6851.497  -579.740  -1221.739  0.000  0.000  44.000  30.000  35.000  37.000  30.000  31.000  21.000  1341.000  1131.000  1247.000  1297.000  681.000  1019.000  979.000 
 1.095  102.386  8430.620  8430.608  47448.758  6815.980  -618.385  -1215.660  0.000  0.000  40.000  36.000  31.000  25.000  12.000  34.000  31.000  1383.000  1080.000  1175.000  1256.000  715.000  963.000  966.000 
 1.098  103.485  8432.382  8432.377  47938.859  6922.316  -614.180  -1226.702  0.000  0.000  40.000  37.000  32.000  31.000  29.000  35.000  36.000  1410.000  1133.000  1232.000  1396.000  789.000  1047.000  1003.000 
 1.102  104.586  8434.163  8434.178  47848.844  6918.504  -611.126  -1229.863  0.000  0.000  42.000  41.000  29.000  26.000  19.000  40.000  32.000  1367.000  1141.000  1324.000  1313.000  699.000  1050.000  970.000 
 1.105  105.692  8435.963  8435.948  48360.707  7030.543  -577.222  -1233.146  0.000  0.000  30.000  31.000  37.000  31.000  21.000  33.000  35.000  1397.000  1202.000  1189.000  1347.000  736.000  1067.000  1049.000 
 1.109  106.800  8437.782  8437.781  48425.457  7048.435  -543.468  -1228.548  0.000  0.000  53.000  25.000  29.000  26.000  25.000  38.000  36.000  1433.000  1151.000  1295.000  1332.000  826.000  1051.000  1000.000 
 1.112  107.912  8439.621  8439.615  48306.086  7041.178  -506.865  -1234.071  0.000  0.000  35.000  34.000  29.000  31.000  20.000  32.000  35.000  1377.000  1214.000  1215.000  1335.000  760.000  1074.000  967.000 
 1.116  109.028  8441.479  8441.479  48872.598  7167.773  -444.412  -1250.715  0.000  0.000  47.000  41.000  37.000  32.000  21.000  24.000  41.000  1374.000  1164.000  1243.000  1365.000  714.000  1079.000  1076.000 
 1.119  110.148  8443.354  8443.346  48991.992  7205.220  -388.109  -1258.479  0.000  0.000  34.000  35.000  36.000  32.000  29.000  38.000  17.000  1432.000  1130.000  1174.000  1323.000  779.000  1071.000  958.000 
 1.123  111.271  8445.250  8445.242  49048.270  7231.519  -341.957  -1262.363  0.000  0.000  36.000  31.000  38.000  32.000  28.000  29.000  37.000  1485.000  1212.000  1186.000  1384.000  721.000  1074.000  1011.000 
 1.127  112.398  8447.165  8447.171  49060.426  7247.669  -306.955  -1265.367  0.000  0.000  40.000  25.000  37.000  28.000  17.000  36.000  31.000  1436.000  1200.000  1287.000  1311.000  693.000  1102.000  1059.000 
 1.131  113.528  8449.099  8449.101  49294.469  7308.672  -272.104  -1268.492  0.000  0.000  34.000  44.000  30.000  31.000  23.000  29.000  42.000  1454.000  1216.000  1267.000  1291.000  753.000  1029.000  1076.000 
 1.135  114.663  8451.051  8451.062  49588.391  7384.526  -217.403  -1273.737  0.000  0.000  35.000  33.000  23.000  33.000  15.000  36.000  37.000  1415.000  1232.000  1225.000  1392.000  703.000  1125.000  1106.000 
 1.139  115.801  8453.022  8453.024  49870.195  7478.233  -148.852  -1278.103  0.000  0.000  38.000  26.000  28.000  41.000  22.000  24.000  27.000  1432.000  1184.000  1268.000  1441.000  764.000  1152.000  1041.000 
 1.142  116.944  8455.014  8455.018  49786.879  7476.792  -92.451  -1281.589  0.000  0.000  40.000  40.000  26.000  28.000  17.000  43.000  38.000  1506.000  1197.000  1308.000  1399.000  723.000  1055.000  1068.000 
 1.147  118.090  8457.023  8457.013  50386.449  7610.202  -19.201  -1283.195  0.000  0.000  39.000  37.000  33.000  37.000  29.000  35.000  28.000  1527.000  1212.000  1220.000  1391.000  776.000  1088.000  1034.000 
 1.151  119.241  8459.052  8459.039  50328.898  7613.463  5.899  -1284.922  0.000  0.000  39.000  32.000  31.000  27.000  25.000  37.000  26.000  1506.000  1214.000  1357.000  1364.000  754.000  1113.000  1059.000 
 1.155  120.396  8461.100  8461.097  50464.234  7652.578  8.848  -1281.769  0.000  0.000  50.000  29.000  41.000  43.000  31.000  37.000  28.000  1475.000  1240.000  1282.000  1430.000  761.000  1153.000  1013.000 
 1.159  121.555  8463.167  8463.156  50547.449  7682.543  -11.353  -1281.737  0.000  0.000  36.000  29.000  29.000  23.000  21.000  36.000  34.000  1526.000  1214.000  1316.000  1425.000  765.000  1075.000  1054.000 
 1.163  122.718  8465.253  8465.247  50993.543  7784.361  -35.704  -1285.824  0.000  0.000  48.000  42.000  39.000  42.000  41.000  41.000  26.000  1553.000  1247.000  1332.000  1458.000  826.000  1083.000  1090.000 
 1.168  123.886  8467.357  8467.369  51052.523  7817.031  -87.206  -1288.033  0.000  0.000  49.000  33.000  32.000  32.000  21.000  32.000  24.000  1563.000  1261.000  1303.000  1381.000  749.000  1129.000  1079.000 
 1.172  125.058  8469.481  8469.493  51550.387  7920.552  -128.858  -1272.361  0.000  0.000  52.000  31.000  28.000  27.000  22.000  31.000  32.000  1622.000  1253.000  1415.000  1524.000  839.000  1171.000  1084.000 
 1.176  126.234  8471.625  8471.618  51646.129  7960.926  -178.660  -1285.810  0.000  0.000  49.000  39.000  38.000  29.000  24.000  37.000  33.000  1522.000  1270.000  1350.000  1447.000  804.000  1152.000  1101.000 
 1.181  127.415  8473.787  8473.775  51682.754  7989.151  -213.613  -1287.380  0.000  0.000  32.000  34.000  38.000  26.000  30.000  35.000  44.000  1521.000  1334.000  1322.000  1462.000  794.000  1144.000  1134.000 
 1.185  128.600  8475.968  8475.964  52028.262  8076.229  -222.716  -1290.069  0.000  0.000  38.000  46.000  44.000  35.000  27.000  30.000  32.000  1585.000  1333.000  1378.000  1518.000  834.000  1206.000  1084.000 
 1.190  129.790  8478.169  8478.154  52232.652  8133.158  -205.969  -1306.879  0.000  0.000  46.000  36.000  36.000  30.000  24.000  35.000  39.000  1562.000  1307.000  1382.000  1490.000  761.000  1182.000  1208.000 
 1.195  130.985  8480.388  8480.376  52643.922  8235.938  -179.373  -1311.810  0.000  0.000  41.000  37.000  29.000  32.000  25.000  36.000  37.000  1703.000  1326.000  1368.000  1538.000  857.000  1171.000  1158.000 
 1.199  132.185  8482.626  8482.630  52660.074  8263.571  -171.927  -1316.860  0.000  0.000  37.000  35.000  35.000  34.000  13.000  41.000  30.000  1551.000  1308.000  1462.000  1480.000  837.000  1190.000  1163.000 
 1.204  133.389  8484.884  8484.885  52660.109  8277.057  -205.631  -1304.031  0.000  0.000  42.000  40.000  28.000  20.000  26.000  38.000  31.000  1609.000  1306.000  1435.000  1473.000  869.000  1198.000  1170.000 
 1.209  134.598  8487.160  8487.173  53111.027  8396.393  -247.486  -1342.323  0.000  0.000  50.000  30.000  39.000  29.000  17.000  28.000  40.000  1678.000  1336.000  1470.000  1534.000  832.000  1157.000  1150.000 
 1.214  135.812  8489.456  8489.461  53164.828  8429.581  -339.491  -1344.735  0.000  0.000  38.000  37.000  30.000  44.000  26.000  29.000  32.000  1643.000  1383.000  1456.000  1583.000  828.000  1231.000  1167.000 
 1.219  137.031  8491.771  8491.782  53772.512  8597.622  -415.646  -1337.267  0.000  0.000  41.000  30.000  25.000  38.000  19.000  28.000  36.000  1580.000  1309.000  1419.000  1527.000  824.000  1231.000  1146.000 
 1.224  138.255  8494.104  8494.104  53678.074  8601.515  -480.952  -1352.920  0.000  0.000  44.000  34.000  24.000  38.000  28.000  24.000  30.000  1601.000  1388.000  1488.000  1583.000  880.000  1262.000  1207.000 
 1.229  139.484  8496.456  8496.459  54143.520  8724.259  -498.408  -1363.693  0.000  0.000  47.000  35.000  37.000  48.000  30.000  45.000  36.000  1636.000  1345.000  1411.000  1568.000  858.000  1259.000  1217.000 
 1.234  140.718  8498.828  8498.815  54278.848  8767.854  -526.015  -1344.586  0.000  0.000  40.000  35.000  30.000  35.000  24.000  45.000  37.000  1697.000  1372.000  1426.000  1582.000  904.000  1304.000  1229.000 
 1.239  141.957  8501.219  8501.234  54774.059  8891.303  -513.771  -1356.600  0.000  0.000  35.000  32.000  31.000  39.000  25.000  32.000  34.000  1781.000  1431.000  1446.000  1616.000  937.000  1255.000  1251.000 
 1.244  143.201  8503.629  8503.624  54761.152  8905.603  -509.679  -1355.734  0.000  0.000  47.000  43.000  33.000  39.000  22.000  38.000  30.000  1729.000  1372.000  1540.000  1577.000  891.000  1236.000  1218.000 
 1.250  144.451  8506.058  8506.046  55055.125  8994.755  -463.736  -1372.988  0.000  0.000  31.000  41.000  35.000  45.000  24.000  24.000  30.000  1740.000  1396.000  1474.000  1568.000  905.000  1306.000  1172.000 
 1.255  145.706  8508.506  8508.501  55476.984  9107.758  -387.944  -1384.363  0.000  0.000  40.000  31.000  30.000  49.000  13.000  33.000  36.000  1696.000  1403.000  1495.000  1681.000  829.000  1265.000  1230.000 
 1.261  146.967  8510.973  8510.988  55492.723  9131.613  -300.302  -1388.859  0.000  0.000  41.000  39.000  33.000  29.000  24.000  35.000  46.000  1692.000  1471.000  1528.000  1650.000  851.000  1265.000  1258.000 
 1.266  148.233  8513.459  8513.445  56066.344  9275.321  -166.811  -1388.474  0.000  0.000  41.000  36.000  35.000  39.000  25.000  34.000  37.000  1735.000  1460.000  1593.000  1660.000  886.000  1290.000  1236.000 
 1.271  149.504  8515.964  8515.967  56036.844  9288.881  -34.470  -1380.210  0.000  0.000  27.000  39.000  34.000  40.000  22.000  34.000  32.000  1686.000  1476.000  1519.000  1604.000  927.000  1259.000  1322.000 
 1.277  150.781  8518.488  8518.489  56460.230  9395.292  120.721  -1365.066  0.000  0.000  48.000  31.000  25.000  36.000  25.000  37.000  37.000  1757.000  1431.000  1600.000  1627.000  941.000  1315.000  1250.000 
 1.283  152.064  8521.031  8521.045  56593.496  9451.555  259.762  -1378.043  0.000  0.000  35.000  27.000  28.000  37.000  31.000  44.000  38.000  1783.000  1485.000  1464.000  1719.000  926.000  1372.000  1264.000 
 1.288  153.352  8523.593  8523.603  56705.645  9508.670  357.652  -1409.140  0.000  0.000  41.000  46.000  38.000  30.000  26.000  36.000  30.000  1838.000  1513.000  1579.000  1692.000  914.000  1264.000  1354.000 
 1.294  154.646  8526.175  8526.161  57132.676  9627.637  391.391  -1422.357  0.000  0.000  38.000  32.000  30.000  31.000  23.000  36.000  35.000  1775.000  1489.000  1555.000  1715.000  943.000  1307.000  1255.000 
 1.300  155.946  8528.774  8528.783  57592.590  9776.456  361.981  -1413.695  0.000  0.000  41.000  38.000  30.000  31.000  23.000  40.000  36.000  1802.000  1520.000  1665.000  1730.000  954.000  1382.000  1292.000 
 1.306  157.252  8531.395  8531.408  57898.383  9876.127  282.420  -1427.153  0.000  0.000  27.000  36.000  31.000  34.000  20.000  36.000  35.000  1810.000  1528.000  1579.000  1673.000  939.000  1395.000  1347.000 
 1.312  158.564  8534.032  8534.034  58018.062  9933.649  189.708  -1431.732  0.000  0.000  47.000  34.000  37.000  40.000  32.000  34.000  22.000  1852.000  1524.000  1661.000  1681.000  955.000  1360.000  1260.000 
 1.318  159.881  8536.690  8536.693  58102.621  9983.023  97.847  -1444.431  0.000  0.000  34.000  42.000  31.000  38.000  21.000  50.000  37.000  1841.000  1606.000  1662.000  1767.000  956.000  1431.000  1320.000 
 1.324  161.205  8539.366  8539.354  58515.062  10103.250  46.835  -1469.250  0.000  0.000  49.000  42.000  30.000  32.000  36.000  33.000  43.000  1903.000  1604.000  1677.000  1771.000  977.000  1437.000  1427.000 
 1.330  162.534  8542.062  8542.048  58826.387  10201.328  13.672  -1474.190  0.000  0.000  49.000  37.000  25.000  32.000  25.000  52.000  33.000  1949.000  1527.000  1600.000  1750.000  976.000  1434.000  1334.000 
 1.336  163.870  8544.777  8544.774  58950.594  10261.259  1.360  -1484.250  0.000  0.000  42.000  29.000  29.000  37.000  25.000  43.000  38.000  1964.000  1601.000  1584.000  1847.000  991.000  1399.000  1446.000 
 1.342  165.212  8547.511  8547.503  59366.680  10379.041  18.897  -1492.430  0.000  0.000  50.000  30.000  37.000  40.000  31.000  41.000  30.000  1911.000  1579.000  1754.000  1784.000  996.000  1389.000  1377.000 
 1.348  166.561  8550.264  8550.265  59857.648  10515.675  49.283  -1498.731  0.000  0.000  50.000  36.000  41.000  43.000  26.000  46.000  47.000  1956.000  1617.000  1734.000  1771.000  967.000  1501.000  1450.000 
 1.355  167.915  8553.035  8553.028  59798.500  10534.160  63.519  -1503.152  0.000  0.000  33.000  36.000  38.000  46.000  29.000  32.000  30.000  1921.000  1677.000  1731.000  1868.000  1008.000  1452.000  1427.000 
 1.361  169.276  8555.826  8555.825  60258.234  10666.498  107.605  -1527.693  0.000  0.000  52.000  28.000  34.000  32.000  19.000  30.000  35.000  2004.000  1586.000  1723.000  1867.000  1050.000  1485.000  1351.000 
 1.367  170.643  8558.636  8558.624  60381.852  10729.688  142.541  -1538.355  0.000  0.000  39.000  33.000  41.000  27.000  27.000  37.000  42.000  1978.000  1663.000  1729.000  1921.000  1018.000  1480.000  1466.000 
 1.374  172.017  8561.465  8561.457  60827.348  10858.729  190.326  -1535.137  0.000  0.000  38.000  35.000  36.000  37.000  22.000  50.000  50.000  1924.000  1615.000  1757.000  1874.000  992.000  1482.000  1564.000 
 1.380  173.398  8564.312  8564.322  61185.730  10974.623  218.961  -1553.040  0.000  0.000  56.000  37.000  32.000  39.000  22.000  43.000  44.000  2051.000  1743.000  1710.000  1957.000  1025.000  1534.000  1488.000 
 1.387  174.785  8567.180  8567.189  61253.992  11062.368  197.445  -1564.063  0.000  0.000  38.000  37.000  48.000  36.000  16.000  32.000  34.000  2014.000  1710.000  1806.000  1894.000  992.000  1528.000  1474.000 
 1.394  176.178  8570.065  8570.060  61699.137  11193.965  133.779  -1562.206  0.000  0.000  34.000  41.000  42.000  38.000  31.000  35.000  43.000  2066.000  1687.000  1743.000  1921.000  1031.000  1564.000  1479.000 
 1.400  177.578  8572.971  8572.963  62027.164  11299.414  61.963  -1575.470  0.000  0.000  45.000  34.000  45.000  34.000  31.000  38.000  36.000  2021.000  1643.000  1764.000  1842.000  1078.000  1497.000  1447.000 
 1.407  178.985  8575.896  8575.899  62260.070  11388.715  -2.003  -1574.854  0.000  0.000  50.000  31.000  46.000  36.000  30.000  38.000  41.000  2046.000  1668.000  1812.000  1919.000  1045.000  1552.000  1507.000 
 1.414  180.399  8578.838  8578.838  62525.859  11487.868  -38.120  -1579.358  0.000  0.000  48.000  42.000  40.000  42.000  24.000  28.000  46.000  2050.000  1784.000  1751.000  1970.000  1082.000  1569.000  1530.000 
 1.421  181.820  8581.801  8581.811  62834.535  11595.873  -47.387  -1585.983  0.000  0.000  42.000  38.000  36.000  37.000  31.000  43.000  38.000  2090.000  1677.000  1814.000  1991.000  1065.000  1619.000  1507.000 
 1.428  183.248  8584.782  8584.785  62773.090  11598.729  -74.805  -1548.728  0.000  0.000  47.000  35.000  33.000  35.000  29.000  36.000  37.000  2117.000  1728.000  1840.000  1986.000  1070.000  1588.000  1497.000 
 1.435  184.682  8587.782  8587.793  62923.523  11667.438  -41.373  -1565.594  0.000  0.000  34.000  30.000  36.000  41.000  20.000  32.000  34.000  2117.000  1738.000  1775.000  2038.000  1068.000  1606.000  1533.000 
 1.442  186.124  8590.802  8590.804  62548.844  11624.998  6.909  -1592.580  0.000  0.000  48.000  44.000  37.000  42.000  23.000  41.000  50.000  2084.000  1709.000  1849.000  1975.000  1135.000  1551.000  1508.000 
 1.449  187.573  8593.840  8593.849  60075.047  11079.411  3.040  -1616.686  0.000  0.000  34.000  35.000  43.000  27.000  26.000  44.000  32.000  2094.000  1641.000  1789.000  1959.000  1119.000  1497.000  1513.000 
 1.456  189.029  8596.897  8596.896  62117.129  11665.675  198.021  -1634.912  0.000  0.000  52.000  51.000  20.000  29.000  32.000  41.000  34.000  2171.000  1834.000  1965.000  2227.000  1151.000  1657.000  1610.000 
 1.463  190.492  8599.975  8599.976  65728.094  12519.791  444.852  -1634.260  0.000  0.000  54.000  36.000  38.000  35.000  25.000  28.000  31.000  2252.000  1920.000  2028.000  2181.000  1216.000  1711.000  1679.000 
 1.470  191.962  8603.070  8603.059  66037.938  12624.759  557.532  -1655.727  0.000  0.000  44.000  45.000  48.000  31.000  25.000  37.000  29.000  2349.000  1910.000  2033.000  2300.000  1267.000  1706.000  1633.000 
 1.478  193.440  8606.185  8606.176  65857.672  12633.579  616.062  -1669.315  0.000  0.000  48.000  48.000  31.000  34.000  22.000  39.000  30.000  2305.000  1926.000  1967.000  2247.000  1157.000  1643.000  1701.000 
 1.485  194.925  8609.318  8609.327  64612.281  12379.251  597.442  -1699.023  0.000  0.000  50.000  40.000  34.000  34.000  26.000  56.000  35.000  2232.000  1849.000  1891.000  2113.000  1198.000  1757.000  1578.000 
 1.493  196.417  8612.471  8612.480  62780.773  11994.774  523.671  -1708.851  0.000  0.000  54.000  28.000  37.000  37.000  16.000  35.000  36.000  2304.000  1816.000  1930.000  2047.000  1089.000  1638.000  1625.000 
 1.500  197.917  8615.643  8615.637  64101.148  12398.150  571.750  -1682.800  0.000  0.000  45.000  44.000  41.000  34.000  31.000  35.000  48.000  2309.000  1905.000  1989.000  2218.000  1181.000  1733.000  1641.000 
 1.508  199.425  8618.834  8618.827  62302.406  11999.378  491.679  -1701.869  0.000  0.000  43.000  35.000  42.000  38.000  29.000  37.000  38.000  2326.000  1901.000  1997.000  2175.000  1171.000  1716.000  1666.000 
 1.515  200.940  8622.044  8622.052  59213.547  11454.457  374.457  -1716.059  0.000  0.000  59.000  39.000  36.000  33.000  25.000  38.000  43.000  2189.000  1805.000  1822.000  2025.000  1034.000  1560.000  1562.000 
 1.523  202.463  8625.272  8625.278  71077.570  14192.388  901.085  -1731.369  0.000  0.000  51.000  47.000  28.000  39.000  23.000  52.000  37.000  2413.000  2006.000  2161.000  2393.000  1244.000  1792.000  1763.000 
 1.531  203.993  8628.521  8628.508  69556.477  13894.171  841.562  -1742.799  0.000  0.000  43.000  56.000  39.000  44.000  31.000  42.000  38.000  2427.000  1971.000  2203.000  2273.000  1271.000  1791.000  1713.000 
 1.538  205.532  8631.788  8631.772  66348.258  13146.807  660.889  -1696.350  0.000  0.000  47.000  35.000  38.000  46.000  38.000  33.000  42.000  2299.000  1961.000  1992.000  2180.000  1214.000  1762.000  1712.000 
 1.546  207.078  8635.074  8635.071  67864.930  13554.293  722.066  -1744.021  0.000  0.000  52.000  36.000  36.000  41.000  20.000  31.000  27.000  2437.000  1969.000  2058.000  2239.000  1177.000  1688.000  1718.000 
 1.554  208.632  8638.379  8638.372  69073.477  13894.632  750.093  -1756.812  0.000  0.000  52.000  44.000  38.000  45.000  25.000  51.000  31.000  2418.000  2008.000  2143.000  2400.000  1240.000  1867.000  1766.000 
 1.562  210.194  8641.703  8641.708  68495.906  13805.822  685.969  -1756.724  0.000  0.000  39.000  28.000  53.000  34.000  29.000  37.000  34.000  2403.000  2071.000  2075.000  2288.000  1262.000  1828.000  1749.000 
 1.570  211.764  8645.047  8645.047  65639.227  13153.865  536.695  -1767.756  0.000  0.000  40.000  35.000  43.000  37.000  21.000  36.000  40.000  2356.000  1943.000  2074.000  2229.000  1259.000  1766.000  1763.000 
 1.578  213.342  8648.409  8648.420  68437.422  13893.760  630.270  -1735.909  0.000  0.000  55.000  37.000  36.000  39.000  31.000  47.000  37.000  2489.000  2041.000  2283.000  2452.000  1350.000  1949.000  1837.000 
 1.586  214.928  8651.790  8651.796  72529.500  14954.506  808.695  -1753.182  0.000  0.000  55.000  42.000  37.000  39.000  26.000  41.000  46.000  2714.000  2229.000  2336.000  2513.000  1387.000  1927.000  1918.000 
 1.594  216.522  8655.190  8655.175  72181.461  14920.104  786.970  -1774.575  0.000  0.000  40.000  43.000  39.000  44.000  34.000  40.000  48.000  2563.000  2171.000  2240.000  2515.000  1305.000  2014.000  1951.000 
 1.603  218.125  8658.610  8658.621  72468.297  15045.555  783.094  -1788.088  0.000  0.000  51.000  44.000  35.000  34.000  33.000  43.000  41.000  2619.000  2148.000  2278.000  2452.000  1368.000  1911.000  1918.000 
 1.611  219.735  8662.049  8662.037  72510.023  15113.856  771.069  -1801.722  0.000  0.000  52.000  43.000  33.000  31.000  25.000  38.000  34.000  2634.000  2152.000  2266.000  2424.000  1333.000  1881.000  1871.000 
 1.619  221.355  8665.506  8665.521  73147.633  15325.011  772.892  -1803.477  0.000  0.000  58.000  38.000  50.000  36.000  27.000  37.000  50.000  2667.000  2169.000  2234.000  2448.000  1386.000  2031.000  1931.000 
 1.628  222.982  8668.983  8668.976  73273.117  15412.016  754.566  -1820.352  0.000  0.000  44.000  48.000  45.000  42.000  29.000  37.000  47.000  2701.000  2208.000  2304.000  2479.000  1337.000  1945.000  1953.000 
 1.636  224.618  8672.479  8672.465  73884.492  15701.874  794.089  -1836.347  0.000  0.000  36.000  48.000  44.000  42.000  36.000  42.000  35.000  2757.000  2251.000  2491.000  2531.000  1435.000  2047.000  1928.000 
 1.644  226.263  8675.993  8675.990  73897.742  15768.583  826.461  -1851.462  0.000  0.000  55.000  44.000  40.000  35.000  32.000  59.000  43.000  2748.000  2188.000  2326.000  2490.000  1392.000  2078.000  1920.000 
 1.653  227.916  8679.527  8679.518  74242.883  15911.145  883.684  -1853.698  0.000  0.000  49.000  39.000  41.000  36.000  25.000  47.000  42.000  2766.000  2224.000  2358.000  2523.000  1348.000  2077.000  1993.000 
 1.662  229.577  8683.080  8683.081  74734.898  16103.559  973.756  -1864.054  0.000  0.000  49.000  41.000  34.000  40.000  39.000  45.000  29.000  2835.000  2258.000  2390.000  2685.000  1445.000  2077.000  2038.000 
 1.670  231.248  8686.651  8686.647  75234.797  16286.823  1069.677  -1873.531  0.000  0.000  32.000  38.000  40.000  39.000  31.000  47.000  42.000  2730.000  2271.000  2454.000  2645.000  1384.000  2053.000  2007.000 
 1.679  232.927  8690.243  8690.249  75611.578  16447.941  1144.449  -1860.128  0.000  0.000  57.000  46.000  36.000  36.000  35.000  44.000  45.000  2926.000  2354.000  2518.000  2608.000  1433.000  2068.000  2044.000 
 1.688  234.615  8693.853  8693.854  76007.242  16605.910  1219.069  -1876.845  0.000  0.000  39.000  23.000  47.000  33.000  32.000  49.000  52.000  2826.000  2355.000  2442.000  2723.000  1463.000  2063.000  1995.000 
 1.697  236.311  8697.481  8697.493  76423.789  16786.730  1263.540  -1899.683  0.000  0.000  54.000  50.000  47.000  35.000  28.000  44.000  51.000  2833.000  2321.000  2425.000  2679.000  1490.000  2237.000  2130.000 
 1.706  238.017  8701.130  8701.137  76445.211  16860.404  1261.860  -1909.641  0.000  0.000  37.000  51.000  37.000  42.000  33.000  38.000  36.000  2837.000  2371.000  2427.000  2711.000  1450.000  2205.000  2116.000 
 1.715  239.732  8704.797  8704.783  76845.523  17050.928  1304.030  -1936.719  0.000  0.000  58.000  44.000  38.000  47.000  30.000  32.000  36.000  3002.000  2375.000  2517.000  2624.000  1473.000  2173.000  2112.000 
 1.724  241.455  8708.483  8708.498  77551.711  17298.305  1373.050  -1940.918  0.000  0.000  56.000  42.000  43.000  51.000  20.000  38.000  41.000  3093.000  2400.000  2631.000  2789.000  1511.000  2189.000  2187.000 
 1.733  243.188  8712.188  8712.184  77669.789  17401.533  1440.919  -1942.237  0.000  0.000  46.000  44.000  38.000  44.000  33.000  52.000  46.000  2968.000  2387.000  2549.000  2814.000  1505.000  2206.000  2079.000 
 1.742  244.930  8715.913  8715.905  78299.742  17637.613  1551.638  -1948.677  0.000  0.000  54.000  39.000  45.000  44.000  34.000  39.000  45.000  3205.000  2499.000  2523.000  2751.000  1611.000  2244.000  2148.000 
 1.751  246.681  8719.656  8719.662  78739.578  17867.547  1633.206  -1965.237  0.000  0.000  48.000  46.000  40.000  50.000  32.000  55.000  26.000  3226.000  2484.000  2622.000  2807.000  1582.000  2233.000  2217.000 
 1.760  248.441  8723.418  8723.423  79261.305  18088.330  1679.625  -1985.917  0.000  0.000  56.000  52.000  42.000  45.000  35.000  48.000  39.000  3321.000  2559.000  2581.000  2913.000  1574.000  2233.000  2276.000 
 1.770  250.211  8727.200  8727.188  79411.906  18199.967  1694.892  -1996.717  0.000  0.000  53.000  50.000  44.000  32.000  34.000  34.000  48.000  3114.000  2518.000  2708.000  2798.000  1519.000  2207.000  2222.000 
 1.779  251.989  8731.000  8730.987  79779.391  18362.455  1711.010  -1967.638  0.000  0.000  52.000  54.000  41.000  56.000  28.000  38.000  31.000  3116.000  2643.000  2760.000  2944.000  1634.000  2275.000  2200.000 
 1.788  253.778  8734.819  8734.823  80104.758  18522.795  1741.977  -2001.680  0.000  0.000  48.000  37.000  38.000  37.000  35.000  49.000  53.000  3099.000  2534.000  2740.000  2924.000  1593.000  2269.000  2315.000 
 1.798  255.576  8738.658  8738.663  80896.000  18817.986  1785.794  -2019.842  0.000  0.000  55.000  43.000  43.000  48.000  37.000  43.000  33.000  3198.000  2625.000  2790.000  2937.000  1688.000  2398.000  2246.000 
 1.807  257.383  8742.516  8742.506  81379.133  19025.029  1806.460  -2029.124  0.000  0.000  63.000  53.000  41.000  44.000  23.000  46.000  35.000  3149.000  2594.000  2781.000  3007.000  1582.000  2517.000  2279.000 
 1.817  259.200  8746.393  8746.386  81432.148  19113.926  1800.976  -2038.526  0.000  0.000  44.000  53.000  43.000  41.000  37.000  46.000  49.000  3126.000  2617.000  2783.000  2971.000  1628.000  2383.000  2401.000 
 1.827  261.026  8750.288  8750.302  82288.039  19433.672  1845.342  -2062.049  0.000  0.000  49.000  32.000  51.000  30.000  27.000  44.000  46.000  3228.000  2714.000  2880.000  3059.000  1655.000  2433.000  2420.000 
 1.836  262.863  8754.203  8754.188  82812.812  19644.271  1849.557  -2025.692  0.000  0.000  52.000  39.000  44.000  45.000  25.000  41.000  46.000  3252.000  2690.000  2859.000  3064.000  1677.000  2487.000  2323.000 
 1.846  264.709  8758.137  8758.145  83340.477  19883.723  1886.622  -2083.456  0.000  0.000  62.000  53.000  50.000  51.000  32.000  40.000  40.000  3239.000  2773.000  2879.000  3099.000  1672.000  2460.000  2402.000 
 1.856  266.564  8762.090  8762.104  83845.016  20094.025  1890.537  -2055.340  0.000  0.000  42.000  46.000  42.000  40.000  37.000  49.000  42.000  3329.000  2829.000  2925.000  3142.000  1720.000  2546.000  2365.000 
 1.866  268.430  8766.062  8766.068  84671.438  20423.182  1942.301  -2077.344  0.000  0.000  47.000  49.000  45.000  34.000  33.000  37.000  53.000  3351.000  2812.000  2913.000  3094.000  1684.000  2537.000  2412.000 
 1.876  270.306  8770.053  8770.068  85400.742  20779.188  1988.915  -2069.469  0.000  0.000  55.000  49.000  59.000  41.000  34.000  45.000  39.000  3534.000  2891.000  2935.000  3195.000  1755.000  2657.000  2448.000 
 1.886  272.191  8774.062  8774.072  86242.930  21117.047  2051.379  -2099.714  0.000  0.000  47.000  52.000  47.000  52.000  39.000  43.000  46.000  3384.000  2843.000  3014.000  3140.000  1744.000  2584.000  2424.000 
 1.896  274.087  8778.092  8778.080  86421.000  21257.758  2071.692  -2105.079  0.000  0.000  53.000  41.000  49.000  50.000  30.000  39.000  39.000  3534.000  2891.000  3134.000  3261.000  1781.000  2653.000  2481.000 
 1.906  275.992  8782.140  8782.125  86965.953  21494.320  2116.855  -2084.565  0.000  0.000  57.000  45.000  41.000  40.000  28.000  39.000  33.000  3498.000  2925.000  3103.000  3218.000  1847.000  2627.000  2565.000 
 1.916  277.908  8786.207  8786.207  87699.781  21805.734  2219.868  -2117.171  0.000  0.000  56.000  45.000  42.000  35.000  35.000  48.000  39.000  3507.000  2925.000  3031.000  3377.000  1772.000  2710.000  2587.000 
 1.926  279.834  8790.293  8790.293  87816.500  21930.000  2277.730  -2089.898  0.000  0.000  43.000  52.000  54.000  36.000  27.000  45.000  43.000  3677.000  3052.000  3054.000  3307.000  1851.000  2764.000  2607.000 
 1.936  281.770  8794.398  8794.382  88563.094  22236.119  2400.442  -2107.745  0.000  0.000  49.000  44.000  38.000  44.000  30.000  56.000  48.000  3642.000  3018.000  3108.000  3435.000  1808.000  2731.000  2574.000 
 1.947  283.717  8798.523  8798.509  88671.578  22364.090  2471.003  -2119.712  0.000  0.000  59.000  42.000  63.000  46.000  29.000  45.000  46.000  3571.000  2986.000  3172.000  3390.000  1919.000  2674.000  2592.000 
 1.957  285.674  8802.666  8802.673  89229.938  22627.910  2557.415  -2127.800  0.000  0.000  51.000  49.000  50.000  53.000  39.000  48.000  43.000  3782.000  3064.000  3224.000  3411.000  1876.000  2784.000  2675.000 
 1.967  287.641  8806.829  8806.841  90027.180  22945.584  2631.676  -2133.008  0.000  0.000  66.000  39.000  46.000  41.000  30.000  39.000  52.000  3649.000  3127.000  3196.000  3621.000  1913.000  2837.000  2697.000 
 1.978  289.619  8811.011  8811.014  90502.305  23190.111  2680.786  -2145.336  0.000  0.000  50.000  37.000  37.000  40.000  38.000  57.000  47.000  3721.000  3025.000  3224.000  3468.000  1947.000  2869.000  2721.000 
 1.988  291.608  8815.211  8815.223  91016.312  23433.488  2729.746  -2162.785  0.000  0.000  62.000  45.000  61.000  43.000  43.000  45.000  55.000  3767.000  3166.000  3428.000  3522.000  1876.000  2870.000  2759.000 
 1.999  293.607  8819.431  8819.437  91223.203  23596.719  2761.556  -2161.354  0.000  0.000  57.000  54.000  49.000  48.000  40.000  44.000  48.000  3849.000  3162.000  3355.000  3559.000  1956.000  2967.000  2805.000 
 2.010  295.617  8823.669  8823.655  91575.977  23783.799  2796.215  -2122.043  0.000  0.000  58.000  43.000  49.000  49.000  35.000  39.000  47.000  3901.000  3159.000  3425.000  3692.000  2064.000  2887.000  2845.000 
 2.020  297.637  8827.927  8827.910  92016.633  24051.732  2904.725  -2216.853  0.000  0.000  58.000  48.000  39.000  46.000  28.000  55.000  40.000  4085.000  3243.000  3390.000  3655.000  1965.000  2875.000  2769.000 
 2.031  299.668  8832.203  8832.204  92769.164  24451.518  3026.083  -2195.783  0.000  0.000  57.000  48.000  41.000  42.000  46.000  55.000  47.000  3871.000  3291.000  3398.000  3729.000  2006.000  3025.000  2824.000 
 2.042  301.710  8836.499  8836.502  93221.586  24725.154  3138.292  -2265.834  0.000  0.000  71.000  49.000  49.000  32.000  38.000  62.000  58.000  4047.000  3315.000  3416.000  3614.000  2020.000  3032.000  2884.000 
 2.053  303.763  8840.814  8840.804  93794.883  24984.645  3195.350  -2208.005  0.000  0.000  58.000  39.000  40.000  34.000  35.000  45.000  47.000  3935.000  3289.000  3550.000  3640.000  2009.000  3032.000  2778.000 
 2.064  305.827  8845.148  8845.144  94591.070  25342.984  3300.258  -2237.296  0.000  0.000  56.000  50.000  46.000  38.000  32.000  63.000  37.000  4062.000  3302.000  3598.000  3858.000  2070.000  2995.000  2978.000 
 2.075  307.902  8849.501  8849.488  94999.133  25570.178  3363.015  -2234.708  0.000  0.000  55.000  62.000  50.000  55.000  30.000  43.000  49.000  4084.000  3413.000  3611.000  3818.000  2021.000  3129.000  2971.000 
 2.086  309.988  8853.873  8853.870  95642.078  25895.223  3460.622  -2264.240  0.000  0.000  74.000  56.000  49.000  46.000  35.000  49.000  44.000  4112.000  3478.000  3626.000  3926.000  2134.000  3107.000  2976.000 
 2.097  312.085  8858.264  8858.257  95720.906  26039.119  3519.079  -2314.892  0.000  0.000  55.000  39.000  47.000  35.000  34.000  53.000  57.000  4314.000  3477.000  3638.000  3983.000  2190.000  3153.000  3048.000 
 2.108  314.193  8862.674  8862.683  96588.617  26436.867  3615.385  -2341.665  0.000  0.000  54.000  43.000  42.000  56.000  33.000  51.000  49.000  4177.000  3523.000  3635.000  3946.000  2119.000  3154.000  3114.000 
 2.119  316.312  8867.104  8867.112  97007.211  26682.469  3661.541  -2356.558  0.000  0.000  62.000  40.000  52.000  40.000  32.000  49.000  47.000  4318.000  3561.000  3654.000  3922.000  2066.000  3230.000  3078.000 
 2.131  318.443  8871.552  8871.546  97351.688  26921.920  3700.547  -2379.572  0.000  0.000  49.000  53.000  43.000  42.000  33.000  49.000  51.000  4266.000  3539.000  3723.000  3972.000  2123.000  3242.000  3085.000 
 2.142  320.585  8876.019  8876.019  98093.039  27270.225  3741.402  -2353.706  0.000  0.000  40.000  45.000  47.000  49.000  42.000  58.000  47.000  4329.000  3576.000  3696.000  4036.000  2265.000  3268.000  3254.000 
 2.153  322.738  8880.505  8880.496  98258.281  27442.381  3754.107  -2358.960  0.000  0.000  56.000  32.000  50.000  35.000  25.000  47.000  49.000  4368.000  3590.000  3863.000  4115.000  2208.000  3275.000  3189.000 
 2.165  324.903  8885.010  8885.012  98986.398  27876.389  3822.661  -2379.335  0.000  0.000  56.000  57.000  45.000  48.000  40.000  46.000  33.000  4441.000  3668.000  3780.000  4217.000  2297.000  3320.000  3101.000 
 2.176  327.079  8889.534  8889.532  99279.406  28112.248  3848.066  -2413.830  0.000  0.000  70.000  55.000  42.000  53.000  25.000  46.000  60.000  4463.000  3661.000  3872.000  4195.000  2281.000  3319.000  3209.000 
 2.188  329.267  8894.078  8894.092  100245.289  28548.959  3927.320  -2429.445  0.000  0.000  61.000  44.000  52.000  44.000  48.000  45.000  51.000  4629.000  3769.000  4066.000  4232.000  2269.000  3327.000  3250.000 
 2.200  331.467  8898.641  8898.656  100611.055  28798.523  3965.423  -2409.181  0.000  0.000  48.000  57.000  67.000  46.000  36.000  53.000  57.000  4585.000  3898.000  4032.000  4201.000  2368.000  3452.000  3358.000 
 2.211  333.678  8903.222  8903.226  100906.711  29016.939  4039.376  -2413.037  0.000  0.000  57.000  52.000  50.000  46.000  25.000  62.000  66.000  4624.000  3859.000  4040.000  4338.000  2327.000  3490.000  3440.000 
 2.223  335.901  8907.822  8907.833  101573.242  29391.207  4177.179  -2438.013  0.000  0.000  44.000  44.000  55.000  53.000  37.000  39.000  50.000  4733.000  3851.000  3951.000  4272.000  2437.000  3530.000  3316.000 
 2.235  338.135  8912.442  8912.446  101890.648  29620.326  4290.832  -2442.110  0.000  0.000  61.000  42.000  47.000  34.000  43.000  59.000  46.000  4672.000  3864.000  4036.000  4450.000  2446.000  3525.000  3371.000 
 2.247  340.382  8917.081  8917.063  102127.945  29840.297  4385.334  -2444.327  0.000  0.000  59.000  52.000  48.000  46.000  33.000  56.000  49.000  4659.000  3893.000  4060.000  4341.000  2460.000  3530.000  3384.000 
 2.258  342.640  8921.738  8921.755  99288.125  29081.119  4253.686  -2461.665  0.000  0.000  61.000  47.000  43.000  43.000  41.000  49.000  47.000  4681.000  3810.000  4052.000  4316.000  2397.000  3483.000  3360.000 
 2.270  344.911  8926.415  8926.417  103105.188  30554.795  4634.887  -2500.123  0.000  0.000  71.000  52.000  65.000  56.000  36.000  54.000  41.000  4680.000  3929.000  4260.000  4462.000  2475.000  3666.000  3447.000 
 2.282  347.193  8931.111  8931.118  104898.125  31311.322  4839.938  -2531.701  0.000  0.000  54.000  57.000  42.000  51.000  54.000  56.000  49.000  4849.000  4034.000  4324.000  4602.000  2493.000  3774.000  3609.000 
 2.294  349.488  8935.826  8935.825  104998.953  31505.701  4910.839  -2559.400  0.000  0.000  61.000  65.000  53.000  62.000  29.000  51.000  50.000  4885.000  4037.000  4285.000  4628.000  2485.000  3697.000  3582.000 
 2.307  351.794  8940.560  8940.570  105752.656  31895.932  5010.589  -2565.219  0.000  0.000  63.000  65.000  50.000  51.000  41.000  58.000  48.000  4974.000  4117.000  4361.000  4566.000  2651.000  3859.000  3677.000 
 2.319  354.113  8945.312  8945.321  105758.242  32062.014  5055.189  -2560.158  0.000  0.000  48.000  48.000  58.000  50.000  38.000  52.000  47.000  5085.000  4081.000  4361.000  4686.000  2572.000  3812.000  3657.000 
 2.331  356.444  8950.085  8950.078  106449.719  32434.947  5159.639  -2551.218  0.000  0.000  45.000  58.000  57.000  62.000  31.000  71.000  40.000  5005.000  4299.000  4406.000  4784.000  2585.000  3999.000  3685.000 
 2.343  358.787  8954.876  8954.874  106910.070  32757.734  5260.938  -2573.398  0.000  0.000  59.000  49.000  54.000  59.000  42.000  46.000  52.000  5149.000  4230.000  4350.000  4777.000  2652.000  3942.000  3737.000 
 2.356  361.143  8959.687  8959.675  107578.305  33140.371  5382.087  -2605.699  0.000  0.000  77.000  62.000  63.000  58.000  47.000  52.000  53.000  5015.000  4286.000  4390.000  4738.000  2701.000  3900.000  3861.000 
 2.368  363.511  8964.516  8964.517  107838.422  33412.863  5474.086  -2631.120  0.000  0.000  63.000  53.000  51.000  55.000  48.000  61.000  55.000  5284.000  4314.000  4457.000  4914.000  2653.000  3907.000  3836.000 
 2.381  365.892  8969.363  8969.362  107910.414  33686.203  5572.935  -2652.661  0.000  0.000  66.000  61.000  60.000  56.000  43.000  55.000  75.000  5230.000  4350.000  4546.000  4800.000  2580.000  3962.000  3804.000 
 2.393  368.285  8974.230  8974.215  109044.297  34258.398  5739.633  -2656.323  0.000  0.000  54.000  48.000  47.000  60.000  45.000  62.000  65.000  5333.000  4402.000  4598.000  4809.000  2658.000  3895.000  3866.000 
 2.406  370.690  8979.117  8979.106  109678.062  34646.445  5850.180  -2669.105  0.000  0.000  59.000  58.000  54.000  60.000  44.000  64.000  49.000  5443.000  4443.000  4590.000  4908.000  2730.000  4079.000  3815.000 
 2.418  373.109  8984.022  8984.039  109491.703  34746.340  5898.578  -2668.007  0.000  0.000  56.000  50.000  49.000  50.000  47.000  54.000  62.000  5361.000  4390.000  4672.000  5039.000  2801.000  3986.000  3850.000 
 2.431  375.540  8988.947  8988.941  109673.234  34975.090  5973.825  -2684.030  0.000  0.000  64.000  60.000  53.000  51.000  44.000  53.000  49.000  5356.000  4544.000  4790.000  5002.000  2787.000  4116.000  4009.000 
 2.444  377.983  8993.891  8993.885  109412.641  35050.691  6002.921  -2706.173  0.000  0.000  63.000  60.000  57.000  48.000  47.000  54.000  57.000  5437.000  4568.000  4629.000  5141.000  2738.000  4108.000  3992.000 
 2.457  380.440  8998.853  8998.869  110001.930  35454.145  6104.867  -2710.437  0.000  0.000  62.000  64.000  55.000  55.000  32.000  68.000  50.000  5469.000  4550.000  4793.000  5100.000  2825.000  4262.000  4004.000 
 2.469  382.909  9003.835  9003.823  110101.102  35673.449  6179.663  -2779.820  0.000  0.000  66.000  58.000  51.000  54.000  37.000  59.000  64.000  5522.000  4632.000  4887.000  5251.000  2926.000  4172.000  3957.000 
 2.482  385.392  9008.835  9008.818  111177.156  36256.609  6329.309  -2781.325  0.000  0.000  71.000  46.000  60.000  55.000  39.000  63.000  59.000  5586.000  4685.000  4885.000  5124.000  2830.000  4203.000  4115.000 
 2.495  387.887  9013.854  9013.854  110365.094  36132.617  6292.804  -2785.949  0.000  0.000  68.000  56.000  67.000  47.000  36.000  56.000  61.000  5709.000  4685.000  4796.000  5188.000  2790.000  4360.000  4185.000 
 2.508  390.395  9018.894  9018.896  112688.914  37162.477  6518.149  -2715.694  0.000  0.000  71.000  56.000  53.000  55.000  32.000  50.000  47.000  5708.000  4740.000  5034.000  5337.000  2882.000  4353.000  4108.000 
 2.521  392.917  9023.951  9023.942  113093.617  37676.191  6736.343  -2992.560  0.000  0.000  61.000  51.000  57.000  56.000  52.000  46.000  64.000  5713.000  4753.000  5071.000  5385.000  3023.000  4236.000  4300.000 
 2.535  395.451  9029.028  9029.031  113407.203  37996.754  6832.388  -3004.545  0.000  0.000  73.000  66.000  46.000  53.000  44.000  60.000  59.000  5825.000  4718.000  5081.000  5348.000  3012.000  4289.000  4295.000 
 2.548  397.999  9034.124  9034.125  114055.664  38412.172  6946.281  -2976.651  0.000  0.000  72.000  52.000  50.000  53.000  40.000  55.000  54.000  5953.000  4914.000  5136.000  5514.000  3035.000  4486.000  4274.000 
 2.561  400.560  9039.239  9039.225  114384.016  38746.441  7052.025  -2989.878  0.000  0.000  72.000  74.000  59.000  58.000  54.000  51.000  74.000  5826.000  4970.000  5106.000  5559.000  3020.000  4429.000  4341.000 
 2.574  403.134  9044.373  9044.366  114754.242  39055.562  7136.618  -2944.225  0.000  0.000  79.000  63.000  71.000  51.000  45.000  52.000  64.000  5895.000  4962.000  5183.000  5571.000  3121.000  4557.000  4304.000 
 2.588  405.722  9049.526  9049.513  115529.352  39557.531  7297.061  -2962.692  0.000  0.000  60.000  66.000  47.000  62.000  45.000  48.000  64.000  6011.000  4976.000  5289.000  5514.000  3074.000  4505.000  4464.000 
 2.601  408.323  9054.698  9054.701  115612.352  39761.355  7379.353  -2937.279  0.000  0.000  72.000  54.000  51.000  46.000  42.000  84.000  59.000  6109.000  4962.000  5270.000  5627.000  3157.000  4614.000  4412.000 
 2.615  410.938  9059.890  9059.896  116565.227  40349.031  7569.495  -2964.987  0.000  0.000  66.000  54.000  54.000  68.000  38.000  55.000  72.000  6084.000  5125.000  5385.000  5789.000  3194.000  4766.000  4547.000 
 2.628  413.566  9065.100  9065.097  116614.984  40550.562  7652.487  -2947.815  0.000  0.000  60.000  62.000  52.000  55.000  38.000  70.000  54.000  6221.000  4986.000  5438.000  5814.000  3200.000  4682.000  4557.000 
 2.642  416.207  9070.329  9070.339  117454.625  41207.941  7860.329  -2971.764  0.000  0.000  60.000  67.000  57.000  54.000  57.000  51.000  56.000  6293.000  5237.000  5347.000  5777.000  3213.000  4676.000  4632.000 
 2.655  418.863  9075.577  9075.587  117798.148  41558.172  7975.020  -2985.833  0.000  0.000  71.000  59.000  62.000  68.000  40.000  77.000  58.000  6374.000  5347.000  5438.000  5791.000  3174.000  4769.000  4635.000 
 2.669  421.532  9080.845  9080.842  117528.547  41645.258  8034.560  -2997.022  0.000  0.000  64.000  44.000  73.000  53.000  55.000  61.000  56.000  6268.000  5275.000  5642.000  5838.000  3288.000  4795.000  4759.000 
 2.683  424.215  9086.131  9086.139  118688.836  42332.191  8243.950  -3009.332  0.000  0.000  70.000  60.000  58.000  59.000  37.000  66.000  63.000  6467.000  5309.000  5534.000  6028.000  3313.000  4986.000  4862.000 
 2.697  426.911  9091.437  9091.441  119448.000  42834.980  8413.190  -3019.762  0.000  0.000  73.000  56.000  73.000  76.000  56.000  64.000  68.000  6573.000  5389.000  5576.000  5948.000  3417.000  4859.000  4933.000 
 2.711  429.622  9096.761  9096.750  119810.055  43209.617  8544.280  -3033.313  0.000  0.000  58.000  70.000  68.000  61.000  44.000  64.000  74.000  6486.000  5456.000  5482.000  6035.000  3424.000  4848.000  4836.000 
 2.724  432.346  9102.104  9102.102  120539.984  43689.109  8705.220  -3043.984  0.000  0.000  74.000  62.000  60.000  65.000  55.000  55.000  68.000  6593.000  5593.000  5710.000  6149.000  3484.000  4981.000  4769.000 
 2.738  435.085  9107.467  9107.459  120844.805  44137.453  8858.009  -3071.775  0.000  0.000  77.000  69.000  85.000  55.000  45.000  79.000  51.000  6666.000  5629.000  5854.000  6256.000  3460.000  5037.000  5022.000 
 2.753  437.837  9112.849  9112.859  121766.500  44740.648  9046.646  -3063.687  0.000  0.000  67.000  60.000  72.000  51.000  52.000  65.000  56.000  6742.000  5614.000  5953.000  6339.000  3546.000  5283.000  4980.000 
 2.767  440.604  9118.249  9118.266  121856.078  44979.695  9109.135  -2931.719  0.000  0.000  76.000  75.000  65.000  46.000  46.000  68.000  59.000  6825.000  5608.000  6009.000  6306.000  3489.000  5148.000  4998.000 
 2.781  443.385  9123.669  9123.679  122464.539  45463.594  9289.473  -2976.871  0.000  0.000  73.000  49.000  80.000  69.000  55.000  78.000  68.000  6879.000  5702.000  5914.000  6512.000  3450.000  5125.000  5117.000 
 2.795  446.180  9129.107  9129.098  122811.883  45836.344  9429.661  -3001.144  0.000  0.000  78.000  64.000  59.000  72.000  53.000  53.000  62.000  6888.000  5793.000  6144.000  6516.000  3596.000  5253.000  5238.000 
 2.809  448.989  9134.565  9134.561  122594.109  45950.945  9484.698  -3001.537  0.000  0.000  71.000  65.000  81.000  74.000  49.000  71.000  72.000  6946.000  5831.000  5911.000  6632.000  3770.000  5402.000  5213.000 
 2.824  451.813  9140.042  9140.029  124126.211  46833.398  9741.585  -2993.050  0.000  0.000  82.000  69.000  68.000  58.000  47.000  59.000  70.000  7086.000  5938.000  6044.000  6562.000  3641.000  5352.000  5185.000 
 2.838  454.651  9145.538  9145.541  124485.203  47268.707  9877.321  -3023.684  0.000  0.000  71.000  57.000  72.000  84.000  45.000  64.000  73.000  7157.000  5951.000  6155.000  6615.000  3606.000  5474.000  5243.000 
 2.852  457.503  9151.053  9151.060  125046.070  47737.863  10023.907  -3049.438  0.000  0.000  69.000  67.000  68.000  75.000  43.000  80.000  72.000  7260.000  5982.000  6230.000  6729.000  3718.000  5531.000  5397.000 
 2.867  460.370  9156.587  9156.585  125208.828  48074.875  10139.343  -3054.312  0.000  0.000  86.000  68.000  76.000  52.000  39.000  69.000  71.000  7395.000  6062.000  6404.000  6841.000  3734.000  5510.000  5473.000 
 2.882  463.252  9162.141  9162.152  120811.461  46569.738  9751.629  -3088.307  0.000  0.000  81.000  85.000  65.000  64.000  64.000  64.000  69.000  7559.000  6127.000  6357.000  6716.000  3875.000  5641.000  5398.000 
 2.896  466.148  9167.712  9167.729  126671.977  49197.449  10477.764  -3048.423  0.000  0.000  74.000  66.000  75.000  77.000  53.000  56.000  81.000  7491.000  6174.000  6458.000  7013.000  3828.000  5604.000  5376.000 
 2.911  469.059  9173.304  9173.311  124565.383  48605.016  10357.749  -3071.658  0.000  0.000  83.000  69.000  59.000  61.000  58.000  66.000  73.000  7703.000  6198.000  6417.000  6978.000  3913.000  5740.000  5544.000 
 2.926  471.984  9178.914  9178.899  129057.664  50728.434  10996.583  -3117.014  0.000  0.000  78.000  61.000  67.000  65.000  53.000  61.000  66.000  7510.000  6461.000  6661.000  7181.000  3851.000  5711.000  5453.000 
 2.940  474.924  9184.543  9184.532  129257.828  51327.703  11236.268  -3256.491  0.000  0.000  73.000  67.000  70.000  69.000  51.000  78.000  68.000  7703.000  6281.000  6566.000  7032.000  3974.000  5804.000  5564.000 
 2.955  477.880  9190.191  9190.208  129788.867  51810.824  11408.801  -3281.087  0.000  0.000  94.000  87.000  66.000  58.000  46.000  72.000  65.000  7563.000  6359.000  6563.000  7180.000  3963.000  6009.000  5688.000 
 2.970  480.850  9195.858  9195.854  129964.797  52157.797  11517.185  -3217.805  0.000  0.000  85.000  65.000  75.000  64.000  52.000  64.000  71.000  7848.000  6418.000  6782.000  7129.000  3919.000  5904.000  5667.000 
 2.985  483.835  9201.545  9201.545  130874.609  52805.621  11708.417  -3141.642  0.000  0.000  74.000  62.000  70.000  65.000  69.000  85.000  71.000  7844.000  6607.000  6703.000  7324.000  4111.000  5943.000  5839.000 
 3.000  486.835  9207.251  9207.242  131788.297  53489.301  11935.500  -3138.600  0.000  0.000  81.000  73.000  77.000  65.000  60.000  65.000  66.000  7840.000  6598.000  6844.000  7279.000  4098.000  5958.000  6016.000 