SSRL   EXAFS Data Collector 4.0       
Sat Mar  9 02:32:14 2024              
PTS:        350 COLS:         24
xsp7sca1.det                          
Ni_15_EXAFS.rgn                       
43 unfocused  0.000 0 X 3.135600 20000                                        
5 1000 300 RST 0 0                    
Sample 1 spot 9; 0.9x4.9 beam; Elevator 2.5; cryohor 47;                      
cryo 10K; detuned by 30% plus 10 layers reynolds Al                           
                                                                              
                                                                              
                                                                              
                                                                              

Weights: 
 1.000  1.000  1.000  1.000  1.000  1.000  1.000  1.000  1.000  1.000  1.000  1.000  1.000  1.000  1.000  1.000  1.000  1.000  1.000  1.000  1.000  1.000  1.000  1.000 
Offsets: 
 0.000  0.000  0.000  0.000  2085.900  2619.900  2659.500  2129.200  0.000  0.000  0.000  0.000  0.000  0.000  0.000  0.000  0.000  0.000  0.000  0.000  0.000  0.000  0.000  0.000 
Data: 
Real time clock   
Sum_RTC           
Requested Energy  
Achieved Energy   
I0                
I1                
I2                
Lytle             
Spare             
Spare             
SCA1_1            
SCA1_2            
SCA1_3            
SCA1_4            
SCA1_5            
SCA1_6            
SCA1_7            
ICR1_1            
ICR1_2            
ICR1_3            
ICR1_4            
ICR1_5            
ICR1_6            
ICR1_7            

 0.500  0.500  8195.000  8195.008  19457.051  4670.050  5411.250  -568.600  0.000  0.000  16.000  23.000  19.000  24.000  13.000  16.000  14.000  288.000  266.000  263.000  283.000  165.000  221.000  223.000 
 0.500  1.000  8205.000  8205.003  20047.051  4906.050  5683.250  -557.600  0.000  0.000  27.000  17.000  21.000  16.000  17.000  17.000  12.000  309.000  228.000  287.000  250.000  170.000  240.000  230.000 
 0.500  1.500  8215.000  8214.994  19915.051  4941.050  5736.250  -557.600  0.000  0.000  16.000  13.000  17.000  9.000  6.000  16.000  14.000  271.000  263.000  290.000  264.000  152.000  233.000  232.000 
 0.500  2.000  8225.000  8225.011  19790.051  4987.050  5795.250  -563.600  0.000  0.000  10.000  15.000  13.000  8.000  5.000  18.000  11.000  265.000  265.000  277.000  265.000  151.000  233.000  241.000 
 0.500  2.500  8235.000  8234.994  19875.051  5089.050  5924.250  -561.600  0.000  0.000  28.000  17.000  19.000  13.000  11.000  18.000  16.000  302.000  268.000  305.000  256.000  159.000  228.000  233.000 
 0.500  3.000  8245.000  8245.003  19919.051  5173.050  6030.250  -564.600  0.000  0.000  18.000  11.000  16.000  12.000  10.000  7.000  10.000  288.000  261.000  342.000  423.000  186.000  228.000  207.000 
 0.500  3.500  8255.000  8255.007  20381.051  5393.050  6285.250  -572.600  0.000  0.000  13.000  27.000  8.000  15.000  7.000  10.000  4.000  341.000  323.000  374.000  1321.000  222.000  279.000  255.000 
 0.500  4.000  8265.000  8265.007  20141.051  5403.050  6308.250  -571.600  0.000  0.000  22.000  21.000  11.000  16.000  6.000  19.000  14.000  309.000  338.000  366.000  1070.000  190.000  245.000  271.000 
 0.500  4.500  8275.000  8275.003  20098.051  5473.050  6392.250  -564.600  0.000  0.000  24.000  16.000  10.000  9.000  10.000  12.000  19.000  324.000  338.000  406.000  926.000  234.000  248.000  284.000 
 0.500  5.000  8285.000  8284.994  20238.051  5602.050  6551.250  -565.600  0.000  0.000  16.000  13.000  15.000  11.000  8.000  16.000  18.000  316.000  341.000  435.000  1078.000  239.000  311.000  322.000 
 0.500  5.500  8295.000  8295.011  20365.051  5728.050  6688.250  -572.600  0.000  0.000  11.000  23.000  10.000  13.000  7.000  17.000  10.000  349.000  317.000  412.000  1353.000  255.000  283.000  482.000 
 0.500  6.000  8305.000  8304.993  20323.051  5796.050  6765.250  -571.600  0.000  0.000  18.000  19.000  11.000  8.000  10.000  10.000  13.000  379.000  342.000  443.000  1387.000  278.000  248.000  485.000 
 0.500  6.500  8315.000  8315.000  20336.051  5884.050  6847.250  -572.600  0.000  0.000  12.000  16.000  16.000  12.000  9.000  20.000  16.000  347.000  354.000  486.000  1428.000  275.000  288.000  542.000 
 0.500  7.000  8325.500  8325.507  20264.051  5946.050  6802.250  -569.600  0.000  0.000  19.000  18.000  11.000  19.000  7.000  14.000  20.000  379.000  315.000  478.000  1367.000  270.000  286.000  471.000 
 0.500  7.500  8326.000  8326.012  20692.051  6095.050  6953.250  -570.600  0.000  0.000  28.000  22.000  18.000  25.000  3.000  15.000  18.000  362.000  365.000  512.000  1312.000  236.000  286.000  479.000 
 0.500  8.000  8326.500  8326.487  20712.051  6105.050  6950.250  -569.600  0.000  0.000  23.000  20.000  17.000  27.000  10.000  16.000  15.000  388.000  349.000  481.000  1351.000  231.000  295.000  431.000 
 0.500  8.500  8327.000  8326.993  20514.051  6045.050  6861.250  -570.600  0.000  0.000  14.000  15.000  20.000  16.000  5.000  24.000  13.000  347.000  349.000  469.000  1296.000  250.000  341.000  501.000 
 0.500  9.000  8327.500  8327.499  20719.051  6114.050  6921.250  -566.600  0.000  0.000  14.000  26.000  14.000  15.000  6.000  15.000  19.000  335.000  339.000  506.000  1208.000  221.000  278.000  435.000 
 0.500  9.500  8328.000  8328.004  20713.051  6115.050  6897.250  -559.600  0.000  0.000  23.000  22.000  11.000  13.000  12.000  15.000  21.000  377.000  381.000  486.000  1272.000  248.000  278.000  444.000 
 0.500  10.000  8328.500  8328.510  20388.051  6013.050  6756.250  -563.600  0.000  0.000  15.000  13.000  10.000  15.000  14.000  18.000  16.000  331.000  334.000  456.000  1260.000  250.000  275.000  463.000 
 0.500  10.500  8329.000  8328.985  20633.051  6100.050  6812.250  -563.600  0.000  0.000  20.000  24.000  16.000  12.000  7.000  15.000  24.000  331.000  343.000  499.000  1144.000  212.000  241.000  438.000 
 0.500  11.000  8329.500  8329.491  20631.051  6102.050  6770.250  -564.600  0.000  0.000  31.000  29.000  19.000  14.000  12.000  22.000  22.000  386.000  349.000  516.000  1175.000  240.000  266.000  444.000 
 0.500  11.500  8330.000  8329.997  20676.051  6124.050  6733.250  -572.600  0.000  0.000  22.000  27.000  14.000  16.000  12.000  12.000  19.000  363.000  317.000  463.000  1253.000  193.000  309.000  407.000 
 0.500  12.000  8330.500  8330.503  20354.051  6018.050  6545.250  -574.600  0.000  0.000  31.000  21.000  19.000  18.000  10.000  24.000  20.000  376.000  313.000  498.000  1143.000  205.000  272.000  421.000 
 0.500  12.500  8331.000  8331.009  20578.051  6096.050  6498.250  -574.600  0.000  0.000  27.000  28.000  19.000  14.000  12.000  22.000  21.000  371.000  348.000  522.000  1168.000  241.000  281.000  426.000 
 0.500  13.000  8331.500  8331.515  20476.051  6067.050  6277.250  -574.600  0.000  0.000  28.000  19.000  22.000  13.000  17.000  14.000  22.000  361.000  342.000  469.000  1129.000  236.000  310.000  391.000 
 0.500  13.500  8332.000  8331.991  20730.051  6154.050  6049.250  -574.600  0.000  0.000  29.000  26.000  21.000  25.000  17.000  21.000  32.000  350.000  381.000  483.000  1138.000  219.000  289.000  418.000 
 0.500  14.000  8332.500  8332.497  20728.051  6159.050  5566.250  -575.600  0.000  0.000  38.000  42.000  41.000  26.000  21.000  35.000  24.000  382.000  366.000  520.000  1105.000  228.000  283.000  403.000 
 0.500  14.500  8333.000  8333.003  20610.051  6119.050  4969.250  -576.600  0.000  0.000  48.000  56.000  36.000  40.000  25.000  33.000  53.000  394.000  391.000  509.000  1093.000  211.000  271.000  417.000 
 0.500  15.000  8333.500  8333.510  20738.051  6166.050  4476.250  -576.600  0.000  0.000  40.000  54.000  35.000  42.000  18.000  42.000  42.000  415.000  379.000  482.000  1131.000  203.000  311.000  405.000 
 0.500  15.500  8334.000  8333.986  20569.051  6116.050  4021.250  -576.600  0.000  0.000  38.000  45.000  29.000  28.000  20.000  27.000  30.000  378.000  372.000  440.000  1044.000  227.000  266.000  377.000 
 0.500  16.000  8334.500  8334.492  20663.051  6154.050  3683.250  -576.600  0.000  0.000  41.000  44.000  27.000  31.000  19.000  24.000  30.000  386.000  354.000  493.000  1089.000  206.000  287.000  380.000 
 0.500  16.500  8335.000  8334.999  20243.051  6020.050  3318.250  -575.600  0.000  0.000  29.000  29.000  28.000  25.000  14.000  27.000  31.000  367.000  318.000  448.000  991.000  201.000  314.000  365.000 
 0.500  17.000  8335.500  8335.505  20718.051  6181.050  3205.250  -572.600  0.000  0.000  39.000  33.000  33.000  35.000  18.000  33.000  33.000  390.000  355.000  493.000  1043.000  212.000  284.000  389.000 
 0.500  17.500  8336.000  8336.012  20714.051  6184.050  3064.250  -571.600  0.000  0.000  39.000  45.000  27.000  25.000  13.000  16.000  32.000  404.000  347.000  476.000  1023.000  234.000  289.000  351.000 
 0.500  18.000  8336.500  8336.488  20618.051  6153.050  2948.250  -572.600  0.000  0.000  39.000  49.000  23.000  23.000  17.000  36.000  36.000  408.000  351.000  480.000  1003.000  226.000  288.000  393.000 
 0.500  18.500  8337.000  8336.995  20617.051  6161.050  2872.250  -572.600  0.000  0.000  37.000  43.000  39.000  30.000  26.000  33.000  39.000  422.000  381.000  461.000  1051.000  237.000  290.000  383.000 
 0.500  19.000  8337.500  8337.502  20549.051  6138.050  2791.250  -572.600  0.000  0.000  44.000  53.000  31.000  28.000  22.000  30.000  34.000  423.000  394.000  504.000  1009.000  201.000  259.000  348.000 
 0.500  19.500  8338.000  8338.009  20729.051  6199.050  2732.250  -572.600  0.000  0.000  66.000  67.000  45.000  48.000  29.000  41.000  59.000  461.000  384.000  493.000  1009.000  222.000  304.000  395.000 
 0.500  20.000  8338.500  8338.485  20305.051  6059.050  2563.250  -575.600  0.000  0.000  72.000  59.000  60.000  38.000  32.000  52.000  51.000  440.000  387.000  508.000  998.000  195.000  285.000  360.000 
 0.500  20.500  8339.000  8338.992  20516.051  6132.050  2465.250  -576.600  0.000  0.000  83.000  102.000  68.000  60.000  31.000  61.000  75.000  426.000  410.000  501.000  1058.000  226.000  324.000  416.000 
 0.500  21.000  8339.500  8339.499  20684.051  6183.050  2355.250  -577.600  0.000  0.000  121.000  83.000  68.000  62.000  53.000  76.000  76.000  502.000  421.000  515.000  1029.000  242.000  349.000  418.000 
 0.500  21.500  8340.000  8340.007  20320.051  6059.050  2181.250  -575.600  0.000  0.000  121.000  125.000  93.000  95.000  50.000  83.000  80.000  524.000  427.000  512.000  1065.000  250.000  314.000  417.000 
 0.500  22.000  8340.500  8340.514  20726.051  6192.050  2139.250  -576.600  0.000  0.000  135.000  155.000  113.000  108.000  75.000  98.000  115.000  544.000  483.000  569.000  1066.000  282.000  368.000  465.000 
 0.500  22.500  8341.000  8340.991  20619.051  6156.050  2035.250  -578.600  0.000  0.000  173.000  170.000  117.000  95.000  83.000  101.000  146.000  551.000  502.000  568.000  1098.000  279.000  366.000  442.000 
 0.500  23.000  8341.500  8341.498  20663.051  6169.050  1946.250  -577.600  0.000  0.000  162.000  169.000  137.000  117.000  103.000  154.000  151.000  503.000  479.000  574.000  1159.000  316.000  422.000  466.000 
 0.500  23.500  8342.000  8342.005  20737.051  6188.050  1850.250  -577.600  0.000  0.000  218.000  239.000  163.000  160.000  106.000  149.000  169.000  612.000  528.000  611.000  1162.000  296.000  431.000  505.000 
 0.500  24.000  8342.500  8342.513  20692.051  6170.050  1726.250  -578.600  0.000  0.000  252.000  226.000  182.000  124.000  108.000  183.000  184.000  699.000  532.000  661.000  1055.000  301.000  453.000  473.000 
 0.500  24.500  8343.000  8342.990  20552.051  6120.050  1583.250  -579.600  0.000  0.000  268.000  267.000  202.000  167.000  120.000  209.000  213.000  673.000  581.000  630.000  1151.000  314.000  464.000  511.000 
 0.500  25.000  8343.500  8343.498  20762.051  6186.050  1463.250  -577.600  0.000  0.000  300.000  297.000  229.000  220.000  135.000  230.000  229.000  742.000  626.000  709.000  1191.000  335.000  473.000  555.000 
 0.500  25.500  8344.000  8344.005  20306.051  6027.050  1270.250  -574.600  0.000  0.000  294.000  296.000  245.000  232.000  150.000  237.000  221.000  749.000  651.000  687.000  1175.000  345.000  513.000  580.000 
 0.500  26.000  8344.500  8344.513  20618.051  6128.050  1149.250  -573.600  0.000  0.000  335.000  350.000  247.000  254.000  152.000  231.000  239.000  773.000  705.000  715.000  1206.000  348.000  501.000  562.000 
 0.500  26.500  8345.000  8344.990  20588.051  6113.050  1011.250  -573.600  0.000  0.000  398.000  395.000  283.000  263.000  158.000  269.000  314.000  870.000  716.000  741.000  1218.000  367.000  549.000  668.000 
 0.500  27.000  8345.500  8345.498  20730.051  6158.050  880.250  -574.600  0.000  0.000  470.000  379.000  300.000  267.000  181.000  286.000  313.000  916.000  705.000  747.000  1206.000  365.000  559.000  650.000 
 0.500  27.500  8346.000  8346.006  20470.051  6064.050  728.250  -574.600  0.000  0.000  448.000  448.000  304.000  302.000  168.000  304.000  280.000  956.000  792.000  792.000  1146.000  357.000  592.000  597.000 
 0.500  28.000  8346.500  8346.514  20698.051  6135.050  624.250  -574.600  0.000  0.000  457.000  451.000  347.000  317.000  195.000  361.000  361.000  953.000  775.000  793.000  1171.000  408.000  632.000  675.000 
 0.500  28.500  8347.000  8346.992  20673.051  6120.050  521.250  -575.600  0.000  0.000  525.000  474.000  357.000  349.000  221.000  361.000  437.000  989.000  810.000  838.000  1229.000  405.000  631.000  752.000 
 0.500  29.000  8347.500  8347.500  20710.051  6132.050  434.250  -576.600  0.000  0.000  536.000  494.000  421.000  336.000  220.000  383.000  411.000  994.000  810.000  911.000  1198.000  443.000  661.000  753.000 
 0.500  29.500  8348.000  8348.008  20542.051  6072.050  353.250  -575.600  0.000  0.000  565.000  558.000  439.000  386.000  211.000  381.000  426.000  997.000  869.000  883.000  1261.000  443.000  668.000  757.000 
 0.500  30.000  8348.500  8348.486  20755.051  6144.050  320.250  -575.600  0.000  0.000  578.000  544.000  411.000  363.000  271.000  409.000  439.000  1059.000  915.000  908.000  1239.000  473.000  688.000  788.000 
 0.500  30.500  8349.000  8348.994  20890.051  6194.050  296.250  -576.600  0.000  0.000  497.000  561.000  375.000  410.000  252.000  414.000  453.000  972.000  867.000  853.000  1197.000  452.000  700.000  775.000 
 0.500  31.000  8349.500  8349.503  20877.051  6191.050  279.250  -576.600  0.000  0.000  545.000  565.000  441.000  349.000  236.000  429.000  405.000  999.000  927.000  923.000  1214.000  448.000  694.000  798.000 
 0.500  31.500  8350.000  8350.011  20912.051  6209.050  275.250  -575.600  0.000  0.000  590.000  560.000  391.000  356.000  261.000  408.000  412.000  1068.000  912.000  878.000  1183.000  445.000  668.000  756.000 
 0.500  32.000  8350.500  8350.489  20858.051  6196.050  275.250  -574.600  0.000  0.000  582.000  536.000  450.000  391.000  255.000  429.000  409.000  1054.000  890.000  932.000  1197.000  449.000  697.000  738.000 
 0.500  32.500  8351.000  8350.998  20923.051  6223.050  287.250  -575.600  0.000  0.000  550.000  518.000  396.000  411.000  225.000  427.000  415.000  989.000  907.000  887.000  1201.000  431.000  700.000  720.000 
 0.500  33.000  8351.500  8351.506  20985.051  6251.050  304.250  -575.600  0.000  0.000  535.000  535.000  439.000  418.000  230.000  405.000  444.000  975.000  881.000  962.000  1294.000  464.000  709.000  753.000 
 0.500  33.500  8352.000  8352.015  20732.051  6169.050  307.250  -576.600  0.000  0.000  535.000  582.000  409.000  353.000  267.000  387.000  428.000  1006.000  928.000  920.000  1126.000  459.000  676.000  724.000 
 0.500  34.000  8352.500  8352.493  20771.051  6185.050  323.250  -575.600  0.000  0.000  507.000  580.000  410.000  385.000  239.000  423.000  418.000  957.000  901.000  927.000  1236.000  453.000  704.000  726.000 
 0.500  34.500  8353.000  8353.002  21041.051  6279.050  351.250  -575.600  0.000  0.000  574.000  592.000  454.000  387.000  250.000  456.000  463.000  1034.000  973.000  948.000  1241.000  439.000  761.000  781.000 
 0.500  35.000  8353.500  8353.511  21061.051  6292.050  361.250  -576.600  0.000  0.000  587.000  572.000  472.000  396.000  242.000  466.000  428.000  1043.000  921.000  976.000  1290.000  454.000  779.000  748.000 
 0.500  35.500  8354.000  8353.989  21014.051  6281.050  361.250  -576.600  0.000  0.000  593.000  586.000  405.000  352.000  218.000  372.000  415.000  1023.000  916.000  911.000  1243.000  442.000  707.000  750.000 
 0.500  36.000  8354.500  8354.498  20846.051  6233.050  344.250  -577.600  0.000  0.000  608.000  551.000  416.000  411.000  256.000  386.000  424.000  1063.000  915.000  929.000  1329.000  461.000  657.000  796.000 
 0.500  36.500  8355.000  8355.007  20992.051  6286.050  333.250  -576.600  0.000  0.000  528.000  498.000  403.000  382.000  217.000  405.000  403.000  998.000  856.000  935.000  1283.000  417.000  698.000  737.000 
 0.500  37.000  8355.500  8355.486  21009.051  6299.050  312.250  -576.600  0.000  0.000  480.000  508.000  381.000  389.000  232.000  389.000  426.000  959.000  888.000  915.000  1303.000  433.000  654.000  732.000 
 0.500  37.500  8356.000  8355.995  21019.051  6307.050  282.250  -577.600  0.000  0.000  507.000  508.000  425.000  370.000  250.000  416.000  419.000  944.000  881.000  922.000  1212.000  454.000  688.000  738.000 
 0.500  38.000  8356.500  8356.504  21028.051  6318.050  251.250  -576.600  0.000  0.000  574.000  517.000  382.000  365.000  228.000  374.000  423.000  1047.000  872.000  922.000  1253.000  439.000  660.000  754.000 
 0.500  38.500  8357.000  8357.014  21043.051  6328.050  228.250  -577.600  0.000  0.000  535.000  552.000  400.000  404.000  259.000  369.000  418.000  1036.000  912.000  941.000  1329.000  489.000  653.000  724.000 
 0.500  39.000  8357.500  8357.493  20863.051  6271.050  203.250  -578.600  0.000  0.000  510.000  520.000  391.000  403.000  227.000  387.000  396.000  950.000  908.000  880.000  1272.000  444.000  666.000  716.000 
 0.500  39.500  8358.000  8358.002  20631.051  6194.050  183.250  -578.600  0.000  0.000  477.000  473.000  349.000  319.000  249.000  373.000  429.000  945.000  821.000  857.000  1158.000  453.000  646.000  749.000 
 0.500  40.000  8358.500  8358.512  20869.051  6284.050  197.250  -578.600  0.000  0.000  506.000  527.000  391.000  351.000  230.000  391.000  390.000  934.000  859.000  954.000  1213.000  446.000  681.000  695.000 
 0.500  40.500  8359.000  8358.991  21051.051  6349.050  211.250  -578.600  0.000  0.000  498.000  508.000  384.000  365.000  226.000  371.000  387.000  950.000  865.000  886.000  1183.000  412.000  627.000  725.000 
 0.500  41.000  8359.500  8359.500  21031.051  6348.050  225.250  -578.600  0.000  0.000  527.000  512.000  373.000  360.000  246.000  366.000  395.000  994.000  880.000  919.000  1250.000  459.000  649.000  747.000 
 0.500  41.500  8360.000  8360.010  21067.051  6365.050  240.250  -578.600  0.000  0.000  543.000  513.000  410.000  363.000  227.000  386.000  397.000  995.000  890.000  932.000  1224.000  439.000  674.000  722.000 
 1.000  42.500  8361.011  8360.999  43406.102  13192.100  603.500  -1160.200  0.000  0.000  1032.000  1021.000  788.000  686.000  450.000  759.000  854.000  1960.000  1761.000  1862.000  2337.000  840.000  1288.000  1473.000 
 1.000  43.500  8361.668  8361.659  43096.043  13102.026  620.425  -1160.260  0.000  0.000  1047.000  973.000  744.000  692.000  429.000  722.000  792.000  1954.000  1669.000  1854.000  2343.000  819.000  1269.000  1409.000 
 1.000  44.500  8362.345  8362.349  43223.863  13157.804  657.199  -1162.441  0.000  0.000  1014.000  978.000  771.000  627.000  440.000  750.000  820.000  1895.000  1657.000  1901.000  2261.000  876.000  1319.000  1435.000 
 1.000  45.500  8363.040  8363.038  43230.570  13176.434  694.823  -1163.742  0.000  0.000  1071.000  1023.000  781.000  639.000  436.000  700.000  783.000  1988.000  1748.000  1863.000  2220.000  856.000  1264.000  1405.000 
 1.000  46.501  8363.754  8363.759  43232.156  13197.915  739.297  -1165.163  0.000  0.000  995.000  953.000  751.000  659.000  449.000  727.000  804.000  1886.000  1662.000  1821.000  2243.000  866.000  1291.000  1391.000 
 1.001  47.502  8364.487  8364.479  43392.625  13262.249  799.621  -1163.705  0.000  0.000  978.000  974.000  695.000  653.000  409.000  708.000  757.000  1889.000  1679.000  1829.000  2239.000  828.000  1255.000  1340.000 
 1.001  48.503  8365.240  8365.229  43176.977  13210.434  839.794  -1166.367  0.000  0.000  963.000  961.000  737.000  635.000  421.000  715.000  744.000  1844.000  1701.000  1874.000  2150.000  838.000  1232.000  1334.000 
 1.001  49.504  8366.012  8366.009  43285.211  13259.472  893.816  -1167.149  0.000  0.000  987.000  904.000  678.000  651.000  419.000  696.000  743.000  1906.000  1604.000  1817.000  2200.000  783.000  1266.000  1314.000 
 1.002  50.506  8366.802  8366.790  43441.328  13329.360  930.689  -1167.052  0.000  0.000  948.000  891.000  725.000  616.000  418.000  609.000  726.000  1900.000  1588.000  1819.000  2084.000  809.000  1161.000  1359.000 
 1.002  51.508  8367.611  8367.601  43180.324  13261.102  935.411  -1168.075  0.000  0.000  910.000  883.000  681.000  663.000  373.000  712.000  696.000  1880.000  1584.000  1772.000  2159.000  796.000  1214.000  1325.000 
 1.003  52.511  8368.440  8368.441  43260.203  13303.694  955.983  -1167.218  0.000  0.000  935.000  869.000  642.000  631.000  390.000  680.000  710.000  1827.000  1596.000  1727.000  1998.000  770.000  1236.000  1316.000 
 1.003  53.514  8369.288  8369.282  43475.965  13395.140  980.404  -1168.482  0.000  0.000  835.000  889.000  671.000  623.000  391.000  679.000  691.000  1741.000  1634.000  1800.000  2112.000  808.000  1233.000  1283.000 
 1.004  54.518  8370.155  8370.153  43335.609  13361.437  977.675  -1170.867  0.000  0.000  868.000  854.000  667.000  587.000  412.000  651.000  749.000  1803.000  1581.000  1757.000  1877.000  814.000  1214.000  1387.000 
 1.005  55.523  8371.041  8371.056  43316.137  13367.585  963.796  -1170.371  0.000  0.000  865.000  872.000  683.000  573.000  391.000  617.000  682.000  1791.000  1593.000  1838.000  1920.000  806.000  1181.000  1265.000 
 1.006  56.529  8371.945  8371.957  43767.543  13540.585  967.766  -1171.996  0.000  0.000  890.000  823.000  677.000  602.000  352.000  646.000  666.000  1881.000  1526.000  1751.000  1890.000  746.000  1162.000  1265.000 
 1.006  57.535  8372.869  8372.859  43389.832  13428.438  907.586  -1173.741  0.000  0.000  830.000  829.000  591.000  591.000  397.000  614.000  657.000  1728.000  1470.000  1665.000  1877.000  818.000  1179.000  1234.000 
 1.007  58.542  8373.812  8373.821  43414.008  13454.142  855.255  -1177.607  0.000  0.000  900.000  796.000  664.000  582.000  353.000  705.000  626.000  1860.000  1486.000  1638.000  1827.000  750.000  1260.000  1204.000 
 1.008  59.550  8374.774  8374.784  43865.059  13625.698  815.775  -1178.593  0.000  0.000  832.000  807.000  664.000  564.000  348.000  591.000  683.000  1825.000  1541.000  1652.000  1848.000  758.000  1161.000  1252.000 
 1.009  60.560  8375.756  8375.747  43922.996  13663.106  750.144  -1179.700  0.000  0.000  844.000  844.000  619.000  598.000  368.000  599.000  678.000  1788.000  1559.000  1520.000  1865.000  813.000  1167.000  1263.000 
 1.010  61.570  8376.756  8376.770  43576.816  13565.366  655.362  -1182.927  0.000  0.000  798.000  804.000  652.000  565.000  336.000  619.000  613.000  1785.000  1533.000  1529.000  1816.000  743.000  1145.000  1201.000 
 1.011  62.581  8377.775  8377.764  43993.516  13728.479  596.430  -1185.274  0.000  0.000  851.000  813.000  600.000  560.000  392.000  643.000  610.000  1845.000  1498.000  1447.000  1770.000  845.000  1248.000  1219.000 
 1.012  63.594  8378.813  8378.817  43794.098  13682.442  509.348  -1186.741  0.000  0.000  811.000  781.000  594.000  560.000  314.000  578.000  597.000  1832.000  1455.000  1473.000  1643.000  721.000  1168.000  1174.000 
 1.014  64.607  8379.870  8379.871  43924.562  13745.258  445.116  -1185.329  0.000  0.000  842.000  806.000  637.000  565.000  365.000  663.000  649.000  1867.000  1480.000  1523.000  1731.000  805.000  1197.000  1233.000 
 1.015  65.622  8380.946  8380.956  43858.910  13742.925  386.733  -1187.037  0.000  0.000  775.000  851.000  637.000  583.000  368.000  636.000  667.000  1901.000  1551.000  1480.000  1752.000  766.000  1167.000  1266.000 
 1.016  66.639  8382.042  8382.040  44307.141  13911.444  364.200  -1156.866  0.000  0.000  815.000  837.000  645.000  575.000  382.000  621.000  692.000  1926.000  1561.000  1482.000  1730.000  815.000  1141.000  1264.000 
 1.018  67.656  8383.156  8383.155  44368.250  13954.816  369.516  -1167.815  0.000  0.000  839.000  833.000  669.000  592.000  376.000  659.000  681.000  1953.000  1546.000  1520.000  1800.000  807.000  1233.000  1276.000 
 1.019  68.675  8384.290  8384.302  44341.242  13961.039  394.682  -1172.885  0.000  0.000  877.000  858.000  684.000  642.000  380.000  641.000  724.000  2052.000  1584.000  1487.000  1803.000  836.000  1205.000  1299.000 
 1.021  69.696  8385.442  8385.447  44477.117  14023.114  455.698  -1177.074  0.000  0.000  925.000  869.000  658.000  600.000  421.000  666.000  722.000  2163.000  1581.000  1539.000  1800.000  840.000  1282.000  1335.000 
 1.022  70.718  8386.614  8386.624  44414.875  14018.041  533.564  -1178.385  0.000  0.000  936.000  910.000  712.000  630.000  407.000  668.000  754.000  2195.000  1590.000  1577.000  1785.000  855.000  1199.000  1343.000 
 1.024  71.742  8387.805  8387.801  44476.516  14049.820  631.279  -1179.815  0.000  0.000  1002.000  914.000  750.000  628.000  415.000  737.000  690.000  2304.000  1674.000  1588.000  1754.000  819.000  1289.000  1269.000 
 1.025  72.767  8389.015  8389.008  44674.035  14131.451  735.844  -1180.366  0.000  0.000  999.000  959.000  731.000  680.000  420.000  727.000  779.000  2336.000  1679.000  1599.000  1923.000  878.000  1347.000  1394.000 
 1.027  73.794  8390.243  8390.246  44803.438  14193.934  831.258  -1175.037  0.000  0.000  1034.000  932.000  762.000  712.000  433.000  720.000  775.000  2370.000  1641.000  1605.000  1893.000  904.000  1337.000  1372.000 
 1.029  74.823  8391.491  8391.484  44550.723  14128.269  902.522  -1186.829  0.000  0.000  1008.000  946.000  764.000  610.000  432.000  719.000  762.000  2280.000  1663.000  1639.000  1647.000  882.000  1289.000  1355.000 
 1.031  75.854  8392.758  8392.753  44633.891  14171.455  980.636  -1190.741  0.000  0.000  979.000  951.000  755.000  708.000  451.000  742.000  755.000  2219.000  1663.000  1638.000  1690.000  877.000  1346.000  1343.000 
 1.033  76.887  8394.044  8394.053  45065.941  14345.493  1065.599  -1193.773  0.000  0.000  1065.000  1028.000  747.000  699.000  431.000  768.000  767.000  2355.000  1762.000  1636.000  1670.000  908.000  1368.000  1413.000 
 1.035  77.921  8395.349  8395.353  44835.875  14289.383  1083.412  -1195.926  0.000  0.000  1012.000  991.000  760.000  705.000  494.000  727.000  778.000  2215.000  1702.000  1585.000  1602.000  956.000  1326.000  1439.000 
 1.037  78.958  8396.673  8396.684  44942.688  14347.125  1098.075  -1193.199  0.000  0.000  1083.000  1026.000  776.000  640.000  453.000  768.000  764.000  2354.000  1777.000  1655.000  1589.000  924.000  1374.000  1367.000 
 1.039  79.997  8398.016  8398.015  45374.383  14522.720  1121.587  -1197.592  0.000  0.000  1051.000  989.000  751.000  723.000  428.000  796.000  851.000  2280.000  1733.000  1563.000  1679.000  887.000  1397.000  1453.000 
 1.041  81.038  8399.378  8399.376  45363.961  14546.165  1122.949  -1199.106  0.000  0.000  1059.000  1044.000  774.000  712.000  461.000  759.000  790.000  2249.000  1794.000  1639.000  1527.000  928.000  1351.000  1388.000 
 1.043  82.081  8400.759  8400.769  45450.422  14601.463  1139.161  -1203.740  0.000  0.000  1048.000  986.000  780.000  699.000  448.000  782.000  764.000  2187.000  1757.000  1680.000  1613.000  936.000  1378.000  1371.000 
 1.045  83.126  8402.159  8402.161  45509.762  14646.613  1161.222  -1204.495  0.000  0.000  934.000  983.000  724.000  723.000  466.000  760.000  781.000  2018.000  1700.000  1526.000  1652.000  905.000  1366.000  1414.000 
 1.048  84.173  8403.578  8403.585  45581.988  14698.614  1181.133  -1207.370  0.000  0.000  1013.000  956.000  742.000  690.000  415.000  746.000  816.000  2031.000  1738.000  1610.000  1597.000  872.000  1391.000  1405.000 
 1.050  85.223  8405.017  8405.010  45557.094  14714.468  1177.893  -1207.365  0.000  0.000  1017.000  963.000  790.000  696.000  464.000  763.000  800.000  1922.000  1660.000  1597.000  1607.000  902.000  1376.000  1396.000 
 1.052  86.275  8406.474  8406.464  45656.082  14774.173  1164.504  -1208.481  0.000  0.000  1010.000  984.000  783.000  728.000  484.000  795.000  824.000  1938.000  1715.000  1639.000  1637.000  924.000  1425.000  1470.000 
 1.055  87.330  8407.950  8407.950  45866.953  14873.730  1140.964  -1209.717  0.000  0.000  1063.000  946.000  795.000  689.000  446.000  785.000  839.000  1914.000  1660.000  1633.000  1584.000  890.000  1404.000  1431.000 
 1.057  88.387  8409.445  8409.437  45910.707  14921.140  1107.273  -1212.073  0.000  0.000  1066.000  928.000  814.000  715.000  446.000  801.000  770.000  1948.000  1675.000  1633.000  1674.000  878.000  1381.000  1400.000 
 1.060  89.447  8410.960  8410.954  46381.340  15116.400  1110.432  -1214.550  0.000  0.000  1074.000  967.000  805.000  709.000  471.000  789.000  860.000  1972.000  1728.000  1649.000  1606.000  920.000  1395.000  1554.000 
 1.062  90.510  8412.493  8412.502  46342.855  15128.514  1080.441  -1220.147  0.000  0.000  1087.000  983.000  743.000  706.000  472.000  770.000  835.000  1938.000  1744.000  1605.000  1657.000  914.000  1363.000  1458.000 
 1.065  91.575  8414.046  8414.051  46560.254  15238.479  1055.299  -1220.865  0.000  0.000  1123.000  1029.000  802.000  756.000  490.000  811.000  853.000  2069.000  1803.000  1615.000  1727.000  955.000  1435.000  1544.000 
 1.068  92.643  8415.618  8415.631  46424.535  15215.295  1000.008  -1228.703  0.000  0.000  1109.000  987.000  763.000  720.000  499.000  771.000  879.000  1991.000  1713.000  1573.000  1608.000  945.000  1410.000  1483.000 
 1.071  93.713  8417.208  8417.211  46543.699  15292.964  950.565  -1233.661  0.000  0.000  1077.000  987.000  786.000  747.000  444.000  783.000  828.000  1961.000  1743.000  1626.000  1715.000  869.000  1389.000  1500.000 
 1.074  94.787  8418.818  8418.822  46961.742  15481.484  919.973  -1238.739  0.000  0.000  1069.000  987.000  837.000  710.000  485.000  854.000  834.000  1940.000  1736.000  1632.000  1672.000  956.000  1474.000  1532.000 
 1.076  95.863  8420.447  8420.435  46941.672  15512.856  868.230  -1241.938  0.000  0.000  1074.000  993.000  869.000  758.000  469.000  819.000  837.000  1987.000  1725.000  1757.000  1678.000  927.000  1409.000  1446.000 
 1.079  96.943  8422.095  8422.108  46901.480  15535.081  815.337  -1246.258  0.000  0.000  1059.000  992.000  752.000  726.000  449.000  788.000  835.000  1971.000  1766.000  1579.000  1579.000  906.000  1440.000  1454.000 
 1.082  98.025  8423.762  8423.752  47460.172  15779.157  786.293  -1255.697  0.000  0.000  1123.000  995.000  805.000  730.000  476.000  766.000  872.000  1943.000  1769.000  1664.000  1558.000  956.000  1409.000  1507.000 
 1.086  99.111  8425.447  8425.457  47540.746  15847.085  724.099  -1258.257  0.000  0.000  1101.000  982.000  825.000  739.000  469.000  814.000  837.000  1968.000  1773.000  1707.000  1600.000  961.000  1461.000  1468.000 
 1.089  100.199  8427.152  8427.163  47728.199  15952.865  662.755  -1257.938  0.000  0.000  1081.000  990.000  783.000  723.000  478.000  789.000  858.000  1998.000  1766.000  1629.000  1570.000  976.000  1454.000  1559.000 
 1.092  101.291  8428.877  8428.870  47588.539  15940.497  591.260  -1259.739  0.000  0.000  1052.000  914.000  839.000  750.000  448.000  775.000  822.000  1976.000  1719.000  1723.000  1562.000  922.000  1425.000  1495.000 
 1.095  102.386  8430.620  8430.608  48087.758  16155.980  556.615  -1233.660  0.000  0.000  1012.000  1000.000  798.000  761.000  466.000  754.000  830.000  1924.000  1779.000  1640.000  1573.000  916.000  1396.000  1535.000 
 1.098  103.485  8432.382  8432.377  48133.859  16202.316  542.820  -1236.702  0.000  0.000  1054.000  1026.000  812.000  675.000  455.000  778.000  830.000  1984.000  1798.000  1690.000  1467.000  952.000  1413.000  1504.000 
 1.102  104.586  8434.163  8434.178  48306.844  16312.504  576.874  -1241.863  0.000  0.000  1043.000  942.000  792.000  725.000  429.000  760.000  819.000  1987.000  1739.000  1582.000  1553.000  895.000  1428.000  1526.000 
 1.105  105.692  8435.963  8435.948  48084.707  16271.543  614.778  -1241.146  0.000  0.000  1108.000  934.000  803.000  719.000  463.000  772.000  820.000  2076.000  1746.000  1595.000  1570.000  989.000  1392.000  1511.000 
 1.109  106.800  8437.782  8437.781  48448.457  16449.434  712.532  -1244.548  0.000  0.000  1079.000  958.000  780.000  690.000  422.000  787.000  780.000  1998.000  1716.000  1579.000  1503.000  920.000  1442.000  1424.000 
 1.112  107.912  8439.621  8439.615  48694.086  16576.178  807.135  -1231.071  0.000  0.000  1000.000  952.000  739.000  767.000  478.000  807.000  825.000  1979.000  1755.000  1557.000  1611.000  959.000  1500.000  1489.000 
 1.116  109.028  8441.479  8441.479  48599.598  16587.773  907.588  -1242.715  0.000  0.000  1051.000  1006.000  781.000  690.000  518.000  775.000  793.000  1958.000  1778.000  1598.000  1470.000  1051.000  1452.000  1481.000 
 1.119  110.148  8443.354  8443.346  48741.992  16683.221  1020.891  -1257.479  0.000  0.000  1045.000  964.000  826.000  729.000  444.000  752.000  795.000  2015.000  1818.000  1688.000  1505.000  971.000  1417.000  1472.000 
 1.123  111.271  8445.250  8445.242  48902.270  16781.520  1120.043  -1252.363  0.000  0.000  1017.000  942.000  842.000  715.000  476.000  747.000  780.000  1945.000  1759.000  1664.000  1548.000  917.000  1454.000  1486.000 
 1.127  112.398  8447.165  8447.171  49082.426  16893.670  1208.045  -1265.367  0.000  0.000  1018.000  983.000  784.000  707.000  448.000  732.000  807.000  1950.000  1766.000  1608.000  1533.000  979.000  1443.000  1532.000 
 1.131  113.528  8449.099  8449.101  49424.469  17070.672  1305.896  -1288.492  0.000  0.000  1026.000  914.000  763.000  773.000  500.000  773.000  782.000  1971.000  1705.000  1563.000  1573.000  970.000  1473.000  1476.000 
 1.135  114.663  8451.051  8451.062  49624.391  17199.527  1417.597  -1297.737  0.000  0.000  1075.000  989.000  793.000  734.000  464.000  771.000  855.000  2038.000  1785.000  1651.000  1562.000  959.000  1477.000  1549.000 
 1.139  115.801  8453.022  8453.024  49827.195  17321.232  1555.148  -1306.103  0.000  0.000  1067.000  1004.000  821.000  769.000  456.000  827.000  848.000  1996.000  1786.000  1666.000  1625.000  926.000  1544.000  1534.000 
 1.142  116.944  8455.014  8455.018  49848.879  17374.791  1687.549  -1312.589  0.000  0.000  1098.000  989.000  844.000  781.000  481.000  810.000  816.000  2089.000  1794.000  1705.000  1624.000  940.000  1513.000  1531.000 
 1.147  118.090  8457.023  8457.013  50035.449  17488.201  1804.799  -1319.195  0.000  0.000  1139.000  1057.000  804.000  804.000  473.000  794.000  837.000  2168.000  1915.000  1689.000  1607.000  971.000  1481.000  1604.000 
 1.151  119.241  8459.052  8459.039  50289.898  17639.463  1887.899  -1328.922  0.000  0.000  1099.000  989.000  841.000  724.000  510.000  821.000  886.000  2119.000  1886.000  1692.000  1594.000  1035.000  1521.000  1641.000 
 1.155  120.396  8461.100  8461.097  50429.234  17751.578  1906.848  -1336.769  0.000  0.000  1115.000  1020.000  841.000  756.000  468.000  788.000  875.000  2177.000  1850.000  1707.000  1601.000  952.000  1480.000  1655.000 
 1.159  121.555  8463.167  8463.156  50699.449  17899.543  1887.647  -1342.737  0.000  0.000  1171.000  1028.000  806.000  784.000  508.000  811.000  834.000  2251.000  1889.000  1662.000  1581.000  986.000  1508.000  1565.000 
 1.163  122.718  8465.253  8465.247  51266.543  18160.361  1851.296  -1345.824  0.000  0.000  1189.000  1005.000  864.000  748.000  478.000  790.000  882.000  2244.000  1863.000  1742.000  1618.000  1045.000  1531.000  1686.000 
 1.168  123.886  8467.357  8467.369  51249.523  18199.031  1752.794  -1350.033  0.000  0.000  1141.000  1018.000  857.000  786.000  477.000  825.000  867.000  2163.000  1941.000  1799.000  1697.000  1008.000  1552.000  1662.000 
 1.172  125.058  8469.481  8469.493  51194.387  18227.553  1646.142  -1354.361  0.000  0.000  1123.000  1028.000  838.000  801.000  531.000  888.000  852.000  2128.000  1904.000  1768.000  1641.000  1087.000  1613.000  1599.000 
 1.176  126.234  8471.625  8471.618  51821.129  18525.926  1593.340  -1357.810  0.000  0.000  1175.000  1092.000  830.000  828.000  522.000  810.000  889.000  2201.000  1998.000  1753.000  1642.000  1083.000  1542.000  1607.000 
 1.181  127.415  8473.787  8473.775  51723.754  18547.150  1522.387  -1363.380  0.000  0.000  1163.000  1085.000  935.000  755.000  549.000  873.000  926.000  2165.000  1998.000  1863.000  1674.000  1138.000  1606.000  1638.000 
 1.185  128.600  8475.968  8475.964  52113.262  18751.229  1523.284  -1371.069  0.000  0.000  1196.000  1013.000  882.000  800.000  531.000  850.000  933.000  2211.000  1896.000  1804.000  1670.000  1016.000  1654.000  1691.000 
 1.190  129.790  8478.169  8478.154  52133.652  18811.158  1546.031  -1376.879  0.000  0.000  1136.000  1077.000  843.000  842.000  500.000  888.000  918.000  2095.000  1933.000  1746.000  1720.000  1045.000  1751.000  1647.000 
 1.195  130.985  8480.388  8480.376  52749.922  19100.939  1610.627  -1355.810  0.000  0.000  1204.000  1112.000  877.000  781.000  534.000  867.000  973.000  2199.000  2005.000  1824.000  1656.000  1071.000  2078.000  1730.000 
 1.199  132.185  8482.626  8482.630  52619.074  19096.572  1605.073  -1342.860  0.000  0.000  1169.000  1161.000  981.000  786.000  485.000  838.000  946.000  2136.000  2120.000  1919.000  1674.000  1037.000  2313.000  1743.000 
 1.204  133.389  8484.884  8484.885  52826.109  19228.057  1578.369  -1362.031  0.000  0.000  1247.000  1194.000  874.000  844.000  522.000  900.000  933.000  2225.000  2194.000  1832.000  1722.000  1079.000  2879.000  1685.000 
 1.209  134.598  8487.160  8487.173  53182.027  19413.393  1456.514  -1355.323  0.000  0.000  1195.000  1196.000  942.000  843.000  535.000  889.000  1008.000  2181.000  2248.000  1910.000  1778.000  1121.000  3155.000  1822.000 
 1.214  135.812  8489.456  8489.461  53191.828  19462.582  1257.509  -1325.735  0.000  0.000  1306.000  1189.000  905.000  829.000  506.000  866.000  942.000  2334.000  2217.000  1881.000  1807.000  1031.000  3119.000  1725.000 
 1.219  137.031  8491.771  8491.782  53741.512  19738.621  1118.354  -1337.267  0.000  0.000  1264.000  1232.000  927.000  874.000  548.000  888.000  915.000  2289.000  2266.000  1922.000  1823.000  1107.000  3182.000  1753.000 
 1.224  138.255  8494.104  8494.104  53696.074  19762.514  989.048  -1313.920  0.000  0.000  1215.000  1263.000  918.000  819.000  537.000  908.000  902.000  2233.000  2323.000  1944.000  1828.000  1098.000  3235.000  1750.000 
 1.229  139.484  8496.456  8496.459  53989.520  19954.258  972.592  -1383.693  0.000  0.000  1266.000  1162.000  922.000  841.000  538.000  926.000  972.000  2348.000  2200.000  1891.000  1825.000  1102.000  3248.000  1837.000 
 1.234  140.718  8498.828  8498.815  54290.848  20126.855  963.985  -1385.586  0.000  0.000  1232.000  1240.000  895.000  814.000  562.000  889.000  928.000  2276.000  2273.000  1894.000  1801.000  1111.000  3210.000  1774.000 
 1.239  141.957  8501.219  8501.234  54632.059  20327.303  977.229  -1389.600  0.000  0.000  1281.000  1227.000  927.000  829.000  502.000  934.000  974.000  2327.000  2300.000  1943.000  1840.000  1077.000  3374.000  1864.000 
 1.244  143.201  8503.629  8503.624  54919.152  20478.604  981.321  -1288.734  0.000  0.000  1226.000  1270.000  970.000  844.000  507.000  887.000  1039.000  2273.000  2371.000  1959.000  1847.000  1093.000  3357.000  1929.000 
 1.250  144.451  8506.058  8506.046  55091.125  20624.754  1098.264  -1353.988  0.000  0.000  1227.000  1231.000  935.000  894.000  584.000  825.000  952.000  2276.000  2352.000  1943.000  1957.000  1192.000  3304.000  1879.000 
 1.255  145.706  8508.506  8508.501  55507.984  20871.758  1268.056  -1391.363  0.000  0.000  1284.000  1320.000  935.000  857.000  557.000  929.000  974.000  2409.000  2413.000  1936.000  2062.000  1137.000  3462.000  1934.000 
 1.261  146.967  8510.973  8510.988  55622.723  20976.613  1456.698  -1369.859  0.000  0.000  1317.000  1244.000  971.000  858.000  560.000  926.000  985.000  2473.000  2325.000  2042.000  2142.000  1140.000  3503.000  1903.000 
 1.266  148.233  8513.459  8513.445  56030.344  21215.320  1728.189  -1384.474  0.000  0.000  1296.000  1250.000  964.000  867.000  572.000  946.000  954.000  2431.000  2379.000  2042.000  2146.000  1167.000  3656.000  1912.000 
 1.271  149.504  8515.964  8515.967  55910.844  21236.881  2011.531  -1375.210  0.000  0.000  1233.000  1288.000  899.000  858.000  551.000  947.000  1037.000  2336.000  2395.000  1957.000  2086.000  1141.000  3587.000  1985.000 
 1.277  150.781  8518.488  8518.489  56529.230  21553.291  2369.721  -1413.066  0.000  0.000  1240.000  1243.000  991.000  851.000  521.000  912.000  969.000  2312.000  2457.000  1981.000  2106.000  1096.000  3521.000  1869.000 
 1.283  152.064  8521.031  8521.045  56550.496  21626.555  2647.762  -1429.043  0.000  0.000  1220.000  1232.000  921.000  840.000  569.000  870.000  952.000  2296.000  2332.000  1959.000  2139.000  1170.000  3501.000  1887.000 
 1.288  153.352  8523.593  8523.603  57093.645  21917.670  2859.652  -1435.140  0.000  0.000  1305.000  1277.000  955.000  843.000  573.000  948.000  977.000  2444.000  2443.000  1908.000  2279.000  1210.000  3463.000  1894.000 
 1.294  154.646  8526.175  8526.161  57013.676  21946.637  2875.391  -1413.357  0.000  0.000  1289.000  1282.000  938.000  879.000  557.000  937.000  997.000  2413.000  2387.000  1943.000  2352.000  1175.000  3588.000  1906.000 
 1.300  155.946  8528.774  8528.783  57600.590  22261.455  2831.981  -1433.695  0.000  0.000  1332.000  1255.000  974.000  889.000  564.000  960.000  976.000  2469.000  2365.000  1996.000  2227.000  1194.000  3740.000  1967.000 
 1.306  157.252  8531.395  8531.408  57503.383  22287.127  2643.420  -1436.153  0.000  0.000  1288.000  1261.000  1003.000  795.000  567.000  918.000  975.000  2419.000  2428.000  2045.000  2170.000  1163.000  3653.000  1961.000 
 1.312  158.564  8534.032  8534.034  58120.062  22608.648  2494.708  -1437.732  0.000  0.000  1301.000  1345.000  992.000  926.000  547.000  951.000  972.000  2484.000  2606.000  2067.000  2324.000  1194.000  3660.000  1938.000 
 1.318  159.881  8536.690  8536.693  57982.621  22624.023  2305.847  -1444.431  0.000  0.000  1301.000  1316.000  925.000  895.000  571.000  905.000  1036.000  2440.000  2508.000  1972.000  2256.000  1225.000  3610.000  1987.000 
 1.324  161.205  8539.366  8539.354  58341.062  22840.250  2200.835  -1453.250  0.000  0.000  1301.000  1247.000  966.000  929.000  588.000  960.000  937.000  2510.000  2462.000  2124.000  2282.000  1248.000  3714.000  1938.000 
 1.330  162.534  8542.062  8542.048  58634.387  23029.328  2134.672  -1457.190  0.000  0.000  1233.000  1284.000  963.000  949.000  557.000  959.000  1043.000  2407.000  2511.000  2056.000  2310.000  1244.000  3948.000  1995.000 
 1.336  163.870  8544.777  8544.774  59047.594  23281.258  2148.360  -1478.250  0.000  0.000  1357.000  1334.000  967.000  926.000  577.000  929.000  1030.000  2561.000  2585.000  2082.000  2449.000  1249.000  3970.000  2018.000 
 1.342  165.212  8547.511  8547.503  59560.680  23566.041  2200.896  -1482.430  0.000  0.000  1337.000  1357.000  999.000  911.000  575.000  998.000  1056.000  2579.000  2633.000  2141.000  2527.000  1305.000  4324.000  2041.000 
 1.348  166.561  8550.264  8550.265  59494.648  23606.674  2236.283  -1494.731  0.000  0.000  1310.000  1321.000  1010.000  917.000  598.000  1007.000  1056.000  2535.000  2647.000  2161.000  2427.000  1317.000  4537.000  2093.000 
 1.355  167.915  8553.035  8553.028  59805.500  23812.160  2298.519  -1496.152  0.000  0.000  1291.000  1282.000  1009.000  957.000  585.000  979.000  1069.000  2553.000  2560.000  2162.000  2471.000  1361.000  4568.000  2147.000 
 1.361  169.276  8555.826  8555.825  60291.234  24082.498  2371.605  -1457.693  0.000  0.000  1352.000  1344.000  1036.000  957.000  606.000  958.000  1111.000  2655.000  2716.000  2247.000  2330.000  1413.000  4481.000  2126.000 
 1.367  170.643  8558.636  8558.624  60645.852  24314.688  2479.541  -1486.355  0.000  0.000  1375.000  1358.000  1064.000  956.000  624.000  929.000  1095.000  2632.000  2752.000  2316.000  2239.000  1394.000  4372.000  2235.000 
 1.374  172.017  8561.465  8561.457  60775.348  24456.729  2576.326  -1507.137  0.000  0.000  1379.000  1317.000  1061.000  958.000  644.000  1052.000  1105.000  2704.000  2692.000  2283.000  2273.000  1351.000  4367.000  2195.000 
 1.380  173.398  8564.312  8564.322  60824.730  24545.623  2601.961  -1503.040  0.000  0.000  1366.000  1379.000  1025.000  900.000  648.000  1004.000  1054.000  2733.000  2700.000  2164.000  2204.000  1337.000  4304.000  2196.000 
 1.387  174.785  8567.180  8567.189  61173.992  24774.367  2558.445  -1504.063  0.000  0.000  1350.000  1306.000  1047.000  923.000  581.000  951.000  1125.000  2706.000  2673.000  2306.000  2140.000  1343.000  4193.000  2315.000 
 1.394  176.178  8570.065  8570.060  61544.137  25026.965  2444.780  -1518.206  0.000  0.000  1405.000  1370.000  1087.000  936.000  611.000  1076.000  1143.000  2733.000  2704.000  2238.000  2261.000  1352.000  4301.000  2304.000 
 1.400  177.578  8572.971  8572.963  62047.164  25330.414  2315.963  -1526.470  0.000  0.000  1388.000  1427.000  1087.000  981.000  605.000  1077.000  1101.000  2739.000  2787.000  2370.000  2308.000  1313.000  4477.000  2252.000 
 1.407  178.985  8575.896  8575.899  62081.070  25427.715  2197.997  -1538.854  0.000  0.000  1433.000  1416.000  1064.000  974.000  670.000  1001.000  1065.000  2789.000  2806.000  2400.000  2251.000  1405.000  4374.000  2212.000 
 1.414  180.399  8578.838  8578.838  62573.859  25719.867  2158.880  -1553.358  0.000  0.000  1410.000  1432.000  1035.000  980.000  647.000  1075.000  1133.000  2774.000  2750.000  2374.000  2227.000  1374.000  4397.000  2257.000 
 1.421  181.820  8581.801  8581.811  62825.535  25917.873  2140.613  -1552.983  0.000  0.000  1472.000  1442.000  1109.000  970.000  593.000  1027.000  1107.000  2864.000  2799.000  2393.000  2223.000  1322.000  4201.000  2207.000 
 1.428  183.248  8584.782  8584.785  62900.090  26020.730  2143.195  -1541.728  0.000  0.000  1413.000  1439.000  1083.000  983.000  650.000  1018.000  1081.000  2810.000  2754.000  2449.000  2269.000  1388.000  4025.000  2195.000 
 1.435  184.682  8587.782  8587.793  62715.523  26014.438  2191.627  -1548.594  0.000  0.000  1376.000  1435.000  1047.000  1028.000  595.000  1057.000  1107.000  2769.000  2842.000  2393.000  2238.000  1388.000  3907.000  2222.000 
 1.442  186.124  8590.802  8590.804  62604.844  26049.998  2314.909  -1574.580  0.000  0.000  1447.000  1462.000  1095.000  1019.000  635.000  994.000  1078.000  2865.000  2828.000  2539.000  2259.000  1372.000  3717.000  2139.000 
 1.449  187.573  8593.840  8593.849  59675.047  24796.410  2276.040  -1579.686  0.000  0.000  1403.000  1346.000  997.000  951.000  555.000  966.000  1070.000  2689.000  2665.000  2623.000  2076.000  1271.000  3549.000  2155.000 
 1.456  189.029  8596.897  8596.896  62093.129  26039.676  2680.021  -1575.912  0.000  0.000  1442.000  1360.000  1000.000  950.000  628.000  1040.000  1118.000  2885.000  2812.000  2692.000  2231.000  1397.000  4011.000  2225.000 
 1.463  190.492  8599.975  8599.976  66017.094  27865.791  3213.852  -1597.260  0.000  0.000  1548.000  1464.000  1108.000  980.000  664.000  1095.000  1162.000  3011.000  3044.000  2775.000  2368.000  1462.000  4039.000  2346.000 
 1.470  191.962  8603.070  8603.059  66212.938  28044.760  3413.532  -1581.727  0.000  0.000  1568.000  1517.000  1154.000  1054.000  674.000  1073.000  1163.000  3040.000  3006.000  2724.000  2320.000  1400.000  3689.000  2346.000 
 1.478  193.440  8606.185  8606.176  66464.672  28249.578  3566.062  -1558.315  0.000  0.000  1408.000  1398.000  1152.000  1043.000  678.000  1052.000  1192.000  2911.000  2795.000  2688.000  2346.000  1443.000  3274.000  2449.000 
 1.485  194.925  8609.318  8609.327  64701.281  27512.250  3485.442  -1596.023  0.000  0.000  1436.000  1367.000  1126.000  904.000  650.000  1004.000  1151.000  2817.000  2723.000  2578.000  2220.000  1450.000  2914.000  2347.000 
 1.493  196.417  8612.471  8612.480  63319.773  27000.775  3376.671  -1573.851  0.000  0.000  1447.000  1322.000  1097.000  938.000  588.000  1031.000  1118.000  2803.000  2655.000  2549.000  2208.000  1376.000  2691.000  2287.000 
 1.500  197.917  8615.643  8615.637  64586.148  27685.150  3497.750  -1615.800  0.000  0.000  1454.000  1370.000  1088.000  975.000  648.000  1070.000  1138.000  2913.000  2671.000  2521.000  2323.000  1424.000  2550.000  2316.000 
 1.508  199.425  8618.834  8618.827  62663.406  26882.377  3334.678  -1645.869  0.000  0.000  1438.000  1272.000  1046.000  995.000  623.000  1009.000  1139.000  2867.000  2649.000  2487.000  2389.000  1361.000  2288.000  2317.000 
 1.515  200.940  8622.044  8622.052  67052.547  29040.457  3737.457  -1622.059  0.000  0.000  1529.000  1394.000  1182.000  1051.000  648.000  1113.000  1168.000  3005.000  2727.000  2601.000  2561.000  1421.000  2264.000  2261.000 
 1.523  202.463  8625.272  8625.278  71740.570  31326.389  4184.084  -1648.369  0.000  0.000  1638.000  1471.000  1260.000  1049.000  745.000  1229.000  1294.000  3208.000  2891.000  2746.000  2834.000  1582.000  2373.000  2518.000 
 1.531  203.993  8628.521  8628.508  70506.477  30872.172  4081.562  -1646.799  0.000  0.000  1528.000  1503.000  1276.000  1125.000  661.000  1131.000  1223.000  3102.000  2955.000  2765.000  3062.000  1453.000  2317.000  2459.000 
 1.538  205.532  8631.788  8631.772  67254.258  29447.807  3768.889  -1613.350  0.000  0.000  1609.000  1384.000  1154.000  1005.000  680.000  1107.000  1152.000  3128.000  2887.000  2575.000  2819.000  1474.000  2281.000  2310.000 
 1.546  207.078  8635.074  8635.071  69118.930  30446.293  3937.066  -1702.021  0.000  0.000  1449.000  1402.000  1163.000  1049.000  675.000  1194.000  1244.000  2966.000  2885.000  2679.000  2660.000  1430.000  2334.000  2433.000 
 1.554  208.632  8638.379  8638.372  69873.477  30940.633  3967.093  -1723.812  0.000  0.000  1582.000  1372.000  1198.000  1069.000  668.000  1145.000  1220.000  3153.000  2817.000  2721.000  2512.000  1503.000  2335.000  2444.000 
 1.562  210.194  8641.703  8641.708  69663.906  30973.822  3898.969  -1724.724  0.000  0.000  1531.000  1354.000  1162.000  1071.000  712.000  1161.000  1153.000  3076.000  2853.000  2717.000  2489.000  1576.000  2327.000  2386.000 
 1.570  211.764  8645.047  8645.047  66623.227  29649.865  3587.695  -1731.756  0.000  0.000  1504.000  1314.000  1111.000  990.000  641.000  1104.000  1193.000  3021.000  2770.000  2646.000  2389.000  1437.000  2210.000  2379.000 
 1.578  213.342  8648.409  8648.420  70253.422  31437.760  3882.270  -1742.909  0.000  0.000  1576.000  1431.000  1267.000  1066.000  652.000  1139.000  1253.000  3298.000  2919.000  2851.000  2584.000  1496.000  2315.000  2551.000 
 1.586  214.928  8651.790  8651.796  73786.500  33322.508  4195.695  -1744.182  0.000  0.000  1590.000  1546.000  1316.000  1194.000  723.000  1219.000  1277.000  3217.000  3049.000  2966.000  2754.000  1592.000  2402.000  2551.000 
 1.594  216.522  8655.190  8655.175  73456.461  33279.105  4151.970  -1753.575  0.000  0.000  1682.000  1518.000  1187.000  1094.000  733.000  1143.000  1309.000  3435.000  3039.000  2911.000  2593.000  1578.000  2396.000  2621.000 
 1.603  218.125  8658.610  8658.621  73792.297  33569.555  4166.095  -1768.088  0.000  0.000  1722.000  1515.000  1266.000  1185.000  729.000  1234.000  1327.000  3517.000  2969.000  3009.000  2721.000  1568.000  2421.000  2633.000 
 1.611  219.735  8662.049  8662.037  74194.023  33889.855  4167.068  -1763.722  0.000  0.000  1642.000  1514.000  1235.000  1094.000  743.000  1204.000  1326.000  3342.000  2990.000  3049.000  2632.000  1612.000  2482.000  2663.000 
 1.619  221.355  8665.506  8665.521  74503.633  34167.012  4149.892  -1768.477  0.000  0.000  1725.000  1581.000  1265.000  1151.000  733.000  1258.000  1344.000  3518.000  3098.000  3076.000  2642.000  1667.000  2562.000  2694.000 
 1.628  222.982  8668.983  8668.976  74362.117  34227.016  4105.565  -1781.352  0.000  0.000  1652.000  1549.000  1267.000  1177.000  698.000  1267.000  1217.000  3503.000  3100.000  3043.000  2725.000  1569.000  2492.000  2520.000 
 1.636  224.618  8672.479  8672.465  74826.492  34603.875  4164.089  -1793.347  0.000  0.000  1663.000  1544.000  1289.000  1204.000  772.000  1177.000  1318.000  3494.000  3077.000  3064.000  2696.000  1698.000  2401.000  2678.000 
 1.644  226.263  8675.993  8675.990  75151.742  34894.582  4260.461  -1809.462  0.000  0.000  1659.000  1545.000  1340.000  1136.000  735.000  1200.000  1295.000  3486.000  3079.000  3115.000  2675.000  1622.000  2479.000  2642.000 
 1.653  227.916  8679.527  8679.518  75819.883  35363.145  4434.684  -1823.698  0.000  0.000  1701.000  1622.000  1349.000  1204.000  706.000  1218.000  1328.000  3535.000  3195.000  3235.000  2762.000  1707.000  2475.000  2603.000 
 1.662  229.577  8683.080  8683.081  76186.898  35682.559  4610.756  -1830.054  0.000  0.000  1680.000  1609.000  1416.000  1143.000  775.000  1231.000  1335.000  3598.000  3229.000  3199.000  2736.000  1895.000  2539.000  2704.000 
 1.670  231.248  8686.651  8686.647  76493.797  35961.824  4800.677  -1846.531  0.000  0.000  1746.000  1589.000  1381.000  1231.000  757.000  1255.000  1282.000  3569.000  3189.000  3148.000  2878.000  1840.000  2600.000  2658.000 
 1.679  232.927  8690.243  8690.249  77044.578  36369.941  4996.449  -1845.128  0.000  0.000  1737.000  1635.000  1285.000  1170.000  773.000  1267.000  1314.000  3583.000  3209.000  3121.000  2838.000  1804.000  2615.000  2706.000 
 1.688  234.615  8693.853  8693.854  76972.242  36462.910  5090.069  -1858.845  0.000  0.000  1737.000  1583.000  1295.000  1191.000  791.000  1301.000  1338.000  3641.000  3192.000  3174.000  2802.000  1714.000  2587.000  2743.000 
 1.697  236.311  8697.481  8697.493  77832.789  37040.730  5223.540  -1864.683  0.000  0.000  1803.000  1641.000  1289.000  1202.000  773.000  1269.000  1391.000  3747.000  3272.000  3081.000  2840.000  1795.000  2626.000  2846.000 
 1.706  238.017  8701.130  8701.137  78069.211  37313.402  5264.860  -1890.641  0.000  0.000  1808.000  1583.000  1274.000  1229.000  812.000  1325.000  1451.000  3753.000  3331.000  3118.000  2891.000  1763.000  2646.000  2886.000 
 1.715  239.732  8704.797  8704.783  78378.523  37601.930  5324.030  -1905.719  0.000  0.000  1823.000  1682.000  1358.000  1259.000  737.000  1330.000  1404.000  3803.000  3302.000  3210.000  2968.000  1780.000  2698.000  2842.000 
 1.724  241.455  8708.483  8708.498  78765.711  37940.305  5447.050  -1910.918  0.000  0.000  1807.000  1588.000  1367.000  1191.000  789.000  1241.000  1464.000  3870.000  3342.000  3218.000  2793.000  1712.000  2574.000  2971.000 
 1.733  243.188  8712.188  8712.184  79398.789  38399.535  5668.919  -1927.237  0.000  0.000  1766.000  1614.000  1349.000  1241.000  820.000  1278.000  1334.000  3818.000  3405.000  3241.000  2901.000  1752.000  2677.000  2851.000 
 1.742  244.930  8715.913  8715.905  79709.742  38713.613  5865.638  -1944.677  0.000  0.000  1896.000  1601.000  1328.000  1229.000  771.000  1349.000  1384.000  3882.000  3643.000  3317.000  2954.000  1759.000  2782.000  2948.000 
 1.751  246.681  8719.656  8719.662  80250.578  39156.547  6028.207  -1955.237  0.000  0.000  1781.000  1613.000  1385.000  1211.000  783.000  1316.000  1444.000  3866.000  3609.000  3304.000  2901.000  1782.000  2762.000  2946.000 
 1.760  248.441  8723.418  8723.423  80677.305  39535.332  6109.625  -1961.917  0.000  0.000  1872.000  1670.000  1369.000  1301.000  751.000  1366.000  1463.000  4073.000  3718.000  3360.000  3095.000  1705.000  2800.000  3034.000 
 1.770  250.211  8727.200  8727.188  81179.906  39956.965  6191.892  -1961.717  0.000  0.000  1825.000  1699.000  1454.000  1325.000  849.000  1318.000  1514.000  4075.000  3572.000  3409.000  3093.000  1877.000  2828.000  2984.000 
 1.779  251.989  8731.000  8730.987  81663.391  40368.453  6276.010  -1977.638  0.000  0.000  1868.000  1704.000  1399.000  1311.000  825.000  1351.000  1453.000  4055.000  3468.000  3301.000  3045.000  1889.000  2866.000  3026.000 
 1.788  253.778  8734.819  8734.823  81765.758  40610.793  6342.977  -2084.680  0.000  0.000  1926.000  1706.000  1400.000  1213.000  814.000  1366.000  1460.000  4190.000  3547.000  3217.000  2991.000  1779.000  2902.000  2995.000 
 1.798  255.576  8738.658  8738.663  82244.000  41017.984  6405.793  -2097.842  0.000  0.000  1892.000  1770.000  1465.000  1249.000  869.000  1389.000  1492.000  4123.000  3612.000  3360.000  3125.000  1907.000  2843.000  3113.000 
 1.807  257.383  8742.516  8742.506  82583.133  41351.031  6431.460  -2085.124  0.000  0.000  1799.000  1721.000  1388.000  1208.000  848.000  1392.000  1448.000  4003.000  3528.000  3288.000  2990.000  1952.000  2923.000  3066.000 
 1.817  259.200  8746.393  8746.386  83483.148  42000.926  6534.976  -2101.526  0.000  0.000  1886.000  1767.000  1466.000  1311.000  749.000  1406.000  1397.000  4146.000  3661.000  3414.000  3197.000  1837.000  2939.000  3088.000 
 1.827  261.026  8750.288  8750.302  83784.039  42340.672  6549.342  -2072.049  0.000  0.000  1890.000  1713.000  1471.000  1273.000  851.000  1481.000  1507.000  4192.000  3630.000  3462.000  3249.000  2011.000  3096.000  3128.000 
 1.836  262.863  8754.203  8754.188  83945.812  42598.273  6561.557  -2086.692  0.000  0.000  1881.000  1776.000  1466.000  1223.000  901.000  1433.000  1508.000  4199.000  3651.000  3552.000  3184.000  2062.000  2970.000  3203.000 
 1.846  264.709  8758.137  8758.145  84358.477  42976.723  6591.622  -2078.456  0.000  0.000  1900.000  1788.000  1416.000  1300.000  896.000  1457.000  1492.000  4248.000  3734.000  3601.000  3216.000  2049.000  3024.000  3172.000 
 1.856  266.564  8762.090  8762.104  84910.016  43426.027  6654.537  -2079.340  0.000  0.000  1852.000  1820.000  1498.000  1311.000  826.000  1443.000  1523.000  4131.000  3686.000  3740.000  3252.000  1986.000  3045.000  3180.000 
 1.866  268.430  8766.062  8766.068  85654.438  44019.180  6731.301  -2058.344  0.000  0.000  1980.000  1727.000  1436.000  1372.000  865.000  1450.000  1542.000  4426.000  3766.000  3733.000  3198.000  2009.000  3083.000  3293.000 
 1.876  270.306  8770.053  8770.068  85962.742  44414.188  6793.915  -2096.469  0.000  0.000  1949.000  1821.000  1564.000  1307.000  867.000  1459.000  1523.000  4233.000  3776.000  3856.000  3204.000  2014.000  3064.000  3248.000 
 1.886  272.191  8774.062  8774.072  86355.930  44837.047  6865.379  -2104.714  0.000  0.000  1967.000  1841.000  1474.000  1312.000  839.000  1473.000  1537.000  4282.000  3806.000  3872.000  3215.000  2006.000  3083.000  3259.000 
 1.896  274.087  8778.092  8778.080  86794.000  45258.758  6950.692  -2113.079  0.000  0.000  1941.000  1864.000  1545.000  1314.000  909.000  1417.000  1528.000  4272.000  3798.000  3987.000  3375.000  2009.000  2998.000  3292.000 
 1.906  275.992  8782.140  8782.125  87378.953  45784.320  7097.855  -2142.565  0.000  0.000  2056.000  1841.000  1484.000  1332.000  901.000  1429.000  1561.000  4340.000  3847.000  3824.000  3346.000  2059.000  3101.000  3391.000 
 1.916  277.908  8786.207  8786.207  87699.781  46142.734  7240.868  -2153.171  0.000  0.000  2033.000  1869.000  1509.000  1379.000  904.000  1400.000  1515.000  4331.000  3895.000  3732.000  3448.000  2159.000  3087.000  3264.000 
 1.926  279.834  8790.293  8790.293  88431.500  46721.000  7468.730  -2165.898  0.000  0.000  1988.000  1869.000  1496.000  1382.000  815.000  1521.000  1593.000  4340.000  3915.000  3710.000  3453.000  1976.000  3185.000  3360.000 
 1.936  281.770  8794.398  8794.382  88473.094  46911.117  7618.442  -2164.745  0.000  0.000  2012.000  1849.000  1552.000  1363.000  829.000  1488.000  1567.000  4542.000  3898.000  3899.000  3495.000  1983.000  3202.000  3390.000 
 1.947  283.717  8798.523  8798.509  89054.578  47402.090  7823.003  -2175.712  0.000  0.000  1976.000  1949.000  1525.000  1424.000  886.000  1455.000  1596.000  4682.000  3973.000  3997.000  3459.000  2128.000  3098.000  3447.000 
 1.957  285.674  8802.666  8802.673  89440.938  47760.910  7967.415  -2189.800  0.000  0.000  2056.000  1883.000  1520.000  1449.000  900.000  1432.000  1617.000  4555.000  3967.000  3993.000  3627.000  2106.000  3172.000  3429.000 
 1.967  287.641  8806.829  8806.841  89852.180  48190.586  8082.675  -2211.008  0.000  0.000  2039.000  1872.000  1553.000  1429.000  863.000  1523.000  1568.000  4515.000  3980.000  4191.000  3703.000  2049.000  3234.000  3385.000 
 1.978  289.619  8811.011  8811.014  90573.305  48803.109  8224.786  -2232.336  0.000  0.000  2094.000  1953.000  1545.000  1436.000  872.000  1448.000  1668.000  4559.000  4065.000  4444.000  3749.000  2111.000  3149.000  3608.000 
 1.988  291.608  8815.211  8815.223  90924.312  49208.488  8311.746  -2242.785  0.000  0.000  2101.000  1920.000  1565.000  1444.000  847.000  1502.000  1657.000  4752.000  4149.000  4451.000  3731.000  2119.000  3263.000  3534.000 
 1.999  293.607  8819.431  8819.437  91509.203  49762.719  8434.556  -2250.354  0.000  0.000  2031.000  1997.000  1546.000  1349.000  867.000  1543.000  1578.000  4893.000  4255.000  4457.000  3752.000  2128.000  3331.000  3467.000 
 2.010  295.617  8823.669  8823.655  92047.977  50282.801  8592.216  -2263.043  0.000  0.000  2114.000  1944.000  1586.000  1406.000  916.000  1515.000  1639.000  4782.000  4225.000  4296.000  3924.000  2137.000  3360.000  3699.000 
 2.020  297.637  8827.927  8827.910  92321.633  50660.734  8733.725  -2263.853  0.000  0.000  2197.000  1897.000  1534.000  1450.000  929.000  1535.000  1635.000  4685.000  4269.000  4153.000  3883.000  2234.000  3442.000  3583.000 
 2.031  299.668  8832.203  8832.204  92851.164  51173.520  8943.083  -2275.783  0.000  0.000  2146.000  1863.000  1551.000  1425.000  949.000  1554.000  1661.000  4631.000  4247.000  4112.000  3766.000  2254.000  3343.000  3675.000 
 2.042  301.710  8836.499  8836.502  93425.586  51712.156  9136.292  -2275.834  0.000  0.000  2101.000  1926.000  1617.000  1440.000  978.000  1573.000  1639.000  4641.000  4291.000  4155.000  3755.000  2303.000  3494.000  3692.000 
 2.053  303.763  8840.814  8840.804  93950.883  52278.645  9320.350  -2306.005  0.000  0.000  2184.000  1927.000  1528.000  1441.000  908.000  1546.000  1698.000  4721.000  4197.000  4044.000  3796.000  2205.000  3479.000  3759.000 
 2.064  305.827  8845.148  8845.144  94595.070  52891.984  9499.258  -2314.296  0.000  0.000  2168.000  2044.000  1654.000  1463.000  953.000  1629.000  1706.000  4622.000  4239.000  4305.000  3842.000  2308.000  3529.000  3800.000 
 2.075  307.902  8849.501  8849.488  95044.133  53393.180  9652.015  -2326.708  0.000  0.000  2180.000  2064.000  1594.000  1467.000  914.000  1597.000  1674.000  4868.000  4295.000  4187.000  3778.000  2242.000  3464.000  3774.000 
 2.086  309.988  8853.873  8853.870  95174.078  53708.223  9778.622  -2341.240  0.000  0.000  2247.000  2053.000  1686.000  1432.000  935.000  1670.000  1750.000  4839.000  4317.000  4436.000  3772.000  2316.000  3681.000  3833.000 
 2.097  312.085  8858.264  8858.257  95927.906  54401.117  9969.078  -2349.892  0.000  0.000  2189.000  2041.000  1679.000  1533.000  980.000  1581.000  1693.000  4819.000  4501.000  4631.000  3934.000  2303.000  3557.000  3790.000 
 2.108  314.193  8862.674  8862.683  96218.617  54797.867  10059.385  -2346.665  0.000  0.000  2201.000  2029.000  1582.000  1551.000  966.000  1592.000  1675.000  4878.000  4392.000  4518.000  4010.000  2342.000  3577.000  3840.000 
 2.119  316.312  8867.104  8867.112  96875.211  55435.469  10204.541  -2351.558  0.000  0.000  2212.000  2098.000  1640.000  1580.000  984.000  1685.000  1762.000  4974.000  4582.000  4558.000  4028.000  2291.000  3687.000  3799.000 
 2.131  318.443  8871.552  8871.546  97374.688  55965.922  10306.547  -2355.572  0.000  0.000  2272.000  2083.000  1713.000  1488.000  1052.000  1622.000  1718.000  5073.000  4504.000  4650.000  3933.000  2468.000  3611.000  3896.000 
 2.142  320.585  8876.019  8876.019  98023.039  56581.223  10416.401  -2382.706  0.000  0.000  2288.000  2051.000  1699.000  1522.000  1001.000  1680.000  1795.000  5014.000  4555.000  4670.000  4005.000  2386.000  3655.000  3904.000 
 2.153  322.738  8880.505  8880.496  98238.281  56933.379  10456.106  -2398.960  0.000  0.000  2269.000  2042.000  1709.000  1466.000  975.000  1635.000  1753.000  4991.000  4500.000  4631.000  3887.000  2397.000  3737.000  3969.000 
 2.165  324.903  8885.010  8885.012  98718.398  57463.387  10523.661  -2423.335  0.000  0.000  2305.000  2016.000  1616.000  1504.000  978.000  1640.000  1746.000  5028.000  4521.000  4470.000  3908.000  2374.000  3715.000  3909.000 
 2.176  327.079  8889.534  8889.532  99508.406  58154.246  10618.065  -2420.830  0.000  0.000  2315.000  2151.000  1714.000  1575.000  1033.000  1648.000  1698.000  5056.000  4604.000  4437.000  4040.000  2446.000  3628.000  3970.000 
 2.188  329.267  8894.078  8894.092  99979.289  58684.961  10706.319  -2430.445  0.000  0.000  2284.000  2113.000  1732.000  1527.000  1003.000  1755.000  1762.000  5103.000  4671.000  4453.000  4148.000  2401.000  4000.000  4088.000 
 2.200  331.467  8898.641  8898.656  100424.055  59200.523  10833.423  -2435.181  0.000  0.000  2335.000  2135.000  1747.000  1605.000  1018.000  1721.000  1824.000  5196.000  4686.000  4526.000  4262.000  2487.000  3899.000  4116.000 
 2.211  333.678  8903.222  8903.226  100961.711  59744.938  11011.376  -2455.037  0.000  0.000  2228.000  2043.000  1806.000  1527.000  1031.000  1776.000  1827.000  5048.000  4664.000  4544.000  4309.000  2526.000  4108.000  4155.000 
 2.223  335.901  8907.822  8907.833  101379.242  60225.207  11232.179  -2471.013  0.000  0.000  2362.000  2108.000  1780.000  1628.000  997.000  1740.000  1891.000  5169.000  4654.000  4438.000  4306.000  2517.000  4004.000  4213.000 
 2.235  338.135  8912.442  8912.446  101634.648  60675.324  11474.832  -2513.110  0.000  0.000  2375.000  2140.000  1798.000  1560.000  970.000  1685.000  1820.000  5256.000  4776.000  4489.000  4355.000  2505.000  4074.000  4198.000 
 2.247  340.382  8917.081  8917.063  102260.945  61341.297  11740.334  -2529.327  0.000  0.000  2350.000  2147.000  1740.000  1534.000  1018.000  1762.000  1888.000  5244.000  4778.000  4457.000  4348.000  2600.000  4085.000  4255.000 
 2.258  342.640  8921.738  8921.755  100230.125  60332.121  11576.686  -2517.665  0.000  0.000  2305.000  2081.000  1671.000  1551.000  1025.000  1674.000  1760.000  5275.000  4778.000  4365.000  4199.000  2564.000  4048.000  4156.000 
 2.270  344.911  8926.415  8926.417  102628.188  62054.793  12042.887  -2518.123  0.000  0.000  2321.000  2122.000  1740.000  1652.000  1020.000  1732.000  1856.000  5306.000  4870.000  4548.000  4373.000  2569.000  4218.000  4314.000 
 2.282  347.193  8931.111  8931.118  104537.125  63523.320  12434.938  -2519.701  0.000  0.000  2490.000  2198.000  1746.000  1605.000  1039.000  1814.000  1881.000  5544.000  5013.000  4615.000  4355.000  2711.000  4246.000  4315.000 
 2.294  349.488  8935.826  8935.825  104914.953  64076.699  12619.839  -2530.400  0.000  0.000  2395.000  2186.000  1858.000  1636.000  1082.000  1721.000  1902.000  5425.000  4951.000  4707.000  4339.000  2633.000  4084.000  4390.000 
 2.307  351.794  8940.560  8940.570  105268.656  64646.930  12797.590  -2567.219  0.000  0.000  2356.000  2279.000  1904.000  1676.000  1116.000  1888.000  1897.000  5444.000  4948.000  4764.000  4411.000  2729.000  4419.000  4365.000 
 2.319  354.113  8945.312  8945.321  105788.242  65288.012  12989.189  -2575.158  0.000  0.000  2512.000  2259.000  1835.000  1638.000  1126.000  1826.000  1891.000  5565.000  4989.000  4774.000  4394.000  2738.000  4385.000  4494.000 
 2.331  356.444  8950.085  8950.078  106483.719  66025.945  13206.640  -2581.218  0.000  0.000  2444.000  2305.000  1807.000  1620.000  1050.000  1788.000  2015.000  5646.000  5046.000  4745.000  4470.000  2591.000  4420.000  4629.000 
 2.343  358.787  8954.876  8954.874  106733.070  66490.734  13378.938  -2596.398  0.000  0.000  2517.000  2230.000  1838.000  1684.000  1020.000  1799.000  1934.000  5730.000  5085.000  4820.000  4516.000  2608.000  4320.000  4469.000 
 2.356  361.143  8959.687  8959.675  107180.305  67083.375  13568.088  -2601.699  0.000  0.000  2433.000  2314.000  1875.000  1581.000  1110.000  1767.000  1904.000  5578.000  5175.000  4988.000  4452.000  2789.000  4401.000  4412.000 
 2.368  363.511  8964.516  8964.517  107727.422  67780.859  13800.086  -2632.120  0.000  0.000  2512.000  2253.000  1778.000  1632.000  1017.000  1820.000  1901.000  5838.000  5181.000  4884.000  4471.000  2690.000  4475.000  4594.000 
 2.381  365.892  8969.363  8969.362  108254.414  68440.203  14025.935  -2639.661  0.000  0.000  2545.000  2313.000  1902.000  1699.000  1060.000  1851.000  1966.000  5757.000  5213.000  4949.000  4549.000  2707.000  4570.000  4646.000 
 2.393  368.285  8974.230  8974.215  109243.297  69428.398  14347.633  -2673.323  0.000  0.000  2479.000  2317.000  1906.000  1709.000  1090.000  1806.000  2015.000  5759.000  5350.000  4972.000  4712.000  2740.000  4433.000  4661.000 
 2.406  370.690  8979.117  8979.106  109392.062  69822.445  14495.181  -2635.105  0.000  0.000  2510.000  2324.000  1949.000  1682.000  1151.000  1904.000  1997.000  5879.000  5413.000  5216.000  4621.000  2842.000  4542.000  4826.000 
 2.418  373.109  8984.022  8984.039  109501.703  70226.344  14657.577  -2712.007  0.000  0.000  2551.000  2311.000  1918.000  1686.000  1091.000  1826.000  1933.000  5835.000  5336.000  5079.000  4650.000  2784.000  4513.000  4562.000 
 2.431  375.540  8988.947  8988.941  109474.234  70516.094  14776.824  -2732.030  0.000  0.000  2595.000  2247.000  1980.000  1695.000  1110.000  1824.000  1967.000  5898.000  5328.000  5274.000  4678.000  2819.000  4639.000  4717.000 
 2.444  377.983  8993.891  8993.885  109536.641  70850.695  14805.921  -2495.173  0.000  0.000  2608.000  2303.000  1930.000  1745.000  1095.000  1865.000  1902.000  5964.000  5426.000  5181.000  4741.000  2840.000  4680.000  4726.000 
 2.457  380.440  8998.853  8998.869  110098.930  71550.148  15010.867  -2522.437  0.000  0.000  2579.000  2297.000  1934.000  1829.000  1131.000  1865.000  2036.000  6009.000  5446.000  5229.000  4873.000  2892.000  4629.000  4872.000 
 2.469  382.909  9003.835  9003.823  110001.102  71811.453  15107.663  -2565.820  0.000  0.000  2474.000  2329.000  1903.000  1718.000  1092.000  1929.000  2014.000  5935.000  5420.000  5115.000  4805.000  2796.000  4723.000  4894.000 
 2.482  385.392  9008.835  9008.818  110988.156  72828.609  15375.309  -2547.325  0.000  0.000  2498.000  2368.000  1876.000  1784.000  1122.000  1880.000  1953.000  5939.000  5573.000  5176.000  4898.000  2880.000  4749.000  4880.000 
 2.495  387.887  9013.854  9013.854  110580.094  72882.617  15407.804  -2544.949  0.000  0.000  2598.000  2348.000  1991.000  1744.000  1150.000  1867.000  1990.000  6101.000  5520.000  5281.000  4870.000  2852.000  4657.000  4664.000 
 2.508  390.395  9018.894  9018.896  112917.914  74799.477  15885.148  -2557.694  0.000  0.000  2609.000  2389.000  1972.000  1757.000  1205.000  1926.000  2022.000  6044.000  5587.000  5335.000  4949.000  3033.000  4836.000  4899.000 
 2.521  392.917  9023.951  9023.942  113052.617  75183.188  16005.344  -2560.560  0.000  0.000  2677.000  2408.000  1939.000  1729.000  1189.000  1935.000  2070.000  6193.000  5643.000  5351.000  4890.000  3045.000  4824.000  4983.000 
 2.535  395.451  9029.028  9029.031  113827.203  76072.758  16264.388  -2570.545  0.000  0.000  2651.000  2373.000  2043.000  1809.000  1180.000  1971.000  2037.000  6163.000  5681.000  5625.000  5080.000  2989.000  4845.000  5123.000 
 2.548  397.999  9034.124  9034.125  114232.664  76723.172  16477.281  -2575.651  0.000  0.000  2670.000  2403.000  1994.000  1783.000  1220.000  1989.000  2100.000  6278.000  5733.000  5570.000  5099.000  3109.000  4822.000  5062.000 
 2.561  400.560  9039.239  9039.225  114664.016  77375.438  16708.025  -2613.878  0.000  0.000  2782.000  2348.000  2087.000  1834.000  1202.000  1997.000  2083.000  6349.000  5725.000  5598.000  5214.000  3105.000  4830.000  4984.000 
 2.574  403.134  9044.373  9044.366  115312.242  78184.562  16965.617  -2626.225  0.000  0.000  2733.000  2457.000  1982.000  1809.000  1304.000  2001.000  2109.000  6424.000  5925.000  5547.000  5215.000  3240.000  4855.000  5297.000 
 2.588  405.722  9049.526  9049.513  116601.352  79433.531  17361.061  -2621.692  0.000  0.000  2738.000  2483.000  2039.000  1921.000  1158.000  2084.000  2198.000  6616.000  6003.000  5575.000  5315.000  3086.000  4970.000  5282.000 
 2.601  408.323  9054.698  9054.701  117275.352  80262.359  17654.354  -2644.279  0.000  0.000  2700.000  2527.000  2098.000  1904.000  1276.000  2038.000  2065.000  6618.000  5975.000  5670.000  5336.000  3152.000  4895.000  5129.000 
 2.615  410.938  9059.890  9059.896  118096.227  81199.031  17969.496  -2627.987  0.000  0.000  2837.000  2547.000  2099.000  1945.000  1313.000  2053.000  2190.000  6821.000  6118.000  5840.000  5381.000  3290.000  5042.000  5382.000 
 2.628  413.566  9065.100  9065.097  118503.984  81847.562  18211.486  -2614.815  0.000  0.000  2762.000  2556.000  2054.000  1978.000  1258.000  2022.000  2232.000  6797.000  6133.000  5756.000  5462.000  3247.000  4904.000  5430.000 
 2.642  416.207  9070.329  9070.339  119975.625  83255.938  18646.328  -2643.764  0.000  0.000  2817.000  2625.000  2149.000  1848.000  1218.000  2092.000  2246.000  6981.000  6302.000  5987.000  5387.000  3195.000  5068.000  5472.000 
 2.655  418.863  9075.577  9075.587  119995.148  83654.172  18837.020  -2688.833  0.000  0.000  2885.000  2556.000  2091.000  2010.000  1263.000  2026.000  2239.000  7084.000  6222.000  5968.000  5517.000  3336.000  5050.000  5503.000 
 2.669  421.532  9080.845  9080.842  119529.547  83659.258  18914.561  -2690.022  0.000  0.000  2806.000  2658.000  2149.000  1883.000  1292.000  2130.000  2174.000  7222.000  6473.000  5774.000  5389.000  3359.000  5269.000  5394.000 
 2.683  424.215  9086.131  9086.139  121141.836  85231.195  19435.951  -2795.332  0.000  0.000  2835.000  2675.000  2201.000  1959.000  1258.000  2100.000  2277.000  7401.000  6410.000  6094.000  5594.000  3314.000  5101.000  5683.000 
 2.697  426.911  9091.437  9091.441  121537.000  85896.977  19683.191  -2785.762  0.000  0.000  2854.000  2584.000  2167.000  1982.000  1281.000  2154.000  2264.000  7405.000  6460.000  5998.000  5580.000  3337.000  5219.000  5669.000 
 2.711  429.622  9096.761  9096.750  122317.055  86854.617  19989.279  -2737.313  0.000  0.000  2880.000  2672.000  2207.000  1984.000  1268.000  2152.000  2257.000  7574.000  6471.000  6139.000  5651.000  3414.000  5309.000  5579.000 
 2.724  432.346  9102.104  9102.102  122494.984  87445.109  20217.219  -2749.984  0.000  0.000  2830.000  2714.000  2253.000  1914.000  1298.000  2068.000  2322.000  7627.000  6631.000  6172.000  5737.000  3467.000  5180.000  5708.000 
 2.738  435.085  9107.467  9107.459  123014.805  88271.453  20516.008  -2753.775  0.000  0.000  2945.000  2678.000  2066.000  1968.000  1287.000  2147.000  2287.000  7760.000  6626.000  5956.000  5728.000  3426.000  5399.000  5647.000 
 2.753  437.837  9112.849  9112.859  123861.500  89370.648  20972.646  -3031.687  0.000  0.000  2942.000  2785.000  2253.000  1943.000  1295.000  2195.000  2294.000  7810.000  6732.000  6312.000  5802.000  3594.000  5493.000  5803.000 
 2.767  440.604  9118.249  9118.266  124422.078  90215.695  21206.135  -2781.719  0.000  0.000  2912.000  2729.000  2205.000  1883.000  1289.000  2148.000  2338.000  7909.000  6799.000  6249.000  5702.000  3481.000  5452.000  5919.000 
 2.781  443.385  9123.669  9123.679  124803.539  90936.594  21481.473  -2777.871  0.000  0.000  2831.000  2719.000  2253.000  2018.000  1309.000  2157.000  2317.000  7836.000  6845.000  6401.000  5871.000  3469.000  5668.000  5710.000 
 2.795  446.180  9129.107  9129.098  125301.883  91740.344  21775.660  -2784.144  0.000  0.000  3077.000  2741.000  2181.000  1993.000  1310.000  2230.000  2316.000  8065.000  6908.000  6269.000  5895.000  3673.000  5657.000  5900.000 
 2.809  448.989  9134.565  9134.561  125173.109  92063.945  21941.697  -2839.537  0.000  0.000  2944.000  2801.000  2155.000  1967.000  1261.000  2221.000  2314.000  7840.000  6868.000  6287.000  5891.000  3558.000  5710.000  5926.000 
 2.824  451.813  9140.042  9140.029  126404.211  93447.398  22355.584  -2809.050  0.000  0.000  3049.000  2767.000  2226.000  2017.000  1284.000  2194.000  2321.000  7813.000  6985.000  6515.000  5981.000  3548.000  5681.000  5968.000 
 2.838  454.651  9145.538  9145.541  127149.203  94464.703  22687.320  -2835.684  0.000  0.000  3031.000  2774.000  2279.000  2065.000  1273.000  2184.000  2360.000  7677.000  6990.000  6583.000  6038.000  3511.000  5669.000  6085.000 
 2.852  457.503  9151.053  9151.060  127496.070  95213.867  22973.908  -2985.438  0.000  0.000  3042.000  2730.000  2264.000  2001.000  1374.000  2167.000  2384.000  7711.000  6949.000  6460.000  6121.000  3807.000  5654.000  6154.000 
 2.867  460.370  9156.587  9156.585  127591.828  95731.875  23136.344  -2892.312  0.000  0.000  3060.000  2737.000  2227.000  2053.000  1395.000  2224.000  2303.000  7679.000  7000.000  6587.000  6072.000  3716.000  5743.000  6125.000 
 2.882  463.252  9162.141  9162.152  124738.461  94030.734  22723.629  -2905.307  0.000  0.000  3038.000  2767.000  2188.000  1989.000  1326.000  2194.000  2287.000  7698.000  7052.000  6715.000  6151.000  3673.000  5818.000  6095.000 
 2.896  466.148  9167.712  9167.729  129330.977  97998.453  23883.764  -2918.423  0.000  0.000  3066.000  2799.000  2225.000  2079.000  1364.000  2221.000  2456.000  7790.000  7069.000  6642.000  6179.000  3809.000  5788.000  6315.000 
 2.911  469.059  9173.304  9173.311  129971.383  98902.016  24207.748  -2910.658  0.000  0.000  2957.000  2757.000  2334.000  2059.000  1370.000  2360.000  2483.000  7767.000  7083.000  6854.000  6289.000  3787.000  6107.000  6504.000 
 2.926  471.984  9178.914  9178.899  131517.656  100667.438  24782.584  -2913.014  0.000  0.000  3059.000  2823.000  2394.000  2215.000  1338.000  2355.000  2470.000  7868.000  7276.000  6870.000  6548.000  3761.000  6083.000  6424.000 
 2.940  474.924  9184.543  9184.532  131938.828  101471.703  25105.268  -2948.491  0.000  0.000  3129.000  2823.000  2355.000  2140.000  1315.000  2285.000  2440.000  8115.000  7263.000  6866.000  6460.000  3770.000  6124.000  6417.000 
 2.955  477.880  9190.191  9190.208  132311.875  102282.828  25411.801  -2960.087  0.000  0.000  3148.000  2896.000  2344.000  2121.000  1376.000  2329.000  2451.000  8049.000  7490.000  6847.000  6413.000  3822.000  6076.000  6421.000 
 2.970  480.850  9195.858  9195.854  132555.797  102992.797  25686.184  -2981.805  0.000  0.000  3250.000  2897.000  2313.000  2167.000  1321.000  2379.000  2494.000  8087.000  7432.000  6866.000  6548.000  3805.000  6156.000  6576.000 
 2.985  483.835  9201.545  9201.545  133107.609  103942.625  26014.418  -2991.642  0.000  0.000  3220.000  2859.000  2480.000  2038.000  1428.000  2351.000  2441.000  8193.000  7361.000  7065.000  6392.000  3972.000  6174.000  6563.000 
 3.000  486.835  9207.251  9207.242  133848.297  105051.297  26414.500  -3009.600  0.000  0.000  3200.000  2888.000  2431.000  2226.000  1430.000  2339.000  2439.000  8164.000  7474.000  7213.000  6789.000  4086.000  6284.000  6483.000 